665	CCDS74773.1	chr21	+	10538723	10605552	10538723	10605552	19	10538723,10541111,10542394,10559493,10561029,10567669,10569436,10569682,10570484,10577459,10578336,10578516,10590461,10592292,10595981,10598014,10602057,10603561,10605416,	10538734,10541165,10542448,10559544,10561191,10567789,10569536,10569746,10570549,10577520,10578418,10578605,10590523,10592373,10596087,10598094,10602150,10603632,10605552,	0		cmpl	cmpl	0,2,2,2,2,2,2,0,1,0,1,2,1,0,0,1,0,0,2,
665	CCDS74772.1	chr21	+	10538723	10605552	10538723	10605552	20	10538723,10541111,10542394,10552656,10559493,10561029,10567669,10569436,10569682,10570484,10577459,10578336,10578516,10590461,10592292,10595981,10598014,10602057,10603561,10605416,	10538734,10541165,10542448,10552716,10559544,10561191,10567789,10569536,10569746,10570549,10577520,10578418,10578605,10590523,10592373,10596087,10598094,10602150,10603632,10605552,	0		cmpl	cmpl	0,2,2,2,2,2,2,2,0,1,0,1,2,1,0,0,1,0,0,2,
665	CCDS74771.1	chr21	+	10538723	10605552	10538723	10605552	21	10538723,10541111,10542394,10543328,10552656,10559493,10561029,10567669,10569436,10569682,10570484,10577459,10578336,10578516,10590461,10592292,10595981,10598014,10602057,10603561,10605416,	10538734,10541165,10542448,10543382,10552716,10559544,10561191,10567789,10569536,10569746,10570549,10577520,10578418,10578605,10590523,10592373,10596087,10598094,10602150,10603632,10605552,	0		cmpl	cmpl	0,2,2,2,2,2,2,2,2,0,1,0,1,2,1,0,0,1,0,0,2,
10	CCDS13562.1	chr21	+	13610228	13641566	13610228	13641566	11	13610228,13615122,13615396,13618348,13620157,13622804,13628381,13629855,13630940,13639514,13641344,	13610749,13615237,13615570,13618455,13620295,13622875,13628452,13629900,13631107,13639638,13641566,	0		cmpl	cmpl	0,2,0,0,2,2,1,0,0,2,0,
86	CCDS13564.1	chr21	-	14108992	14206923	14108992	14206923	10	14108992,14144622,14152572,14163418,14165222,14166361,14181757,14185960,14189033,14206814,	14109080,14144799,14152684,14163523,14165390,14166451,14181859,14186069,14189419,14206923,	0		cmpl	cmpl	2,2,1,1,1,1,1,0,1,0,
693	CCDS46635.1	chr21	+	14216186	14227293	14216186	14227293	5	14216186,14219562,14221096,14224437,14226879,	14216282,14219725,14221169,14224537,14227293,	0		cmpl	cmpl	0,0,1,2,0,
694	CCDS13567.1	chr21	-	14373616	14383119	14373616	14383119	5	14373616,14375651,14378198,14381202,14383094,	14374284,14375819,14378412,14381543,14383119,	0		cmpl	cmpl	1,1,0,1,0,
695	CCDS74774.1	chr21	-	14485911	14516963	14485911	14516963	6	14485911,14498441,14500528,14510309,14512443,14516891,	14486114,14498592,14500735,14510461,14512573,14516963,	0		cmpl	cmpl	1,0,0,1,0,0,
86	CCDS58786.1	chr21	-	14485911	14582396	14485911	14582396	8	14485911,14498441,14500528,14510309,14512443,14516891,14521149,14582135,	14486114,14498592,14500735,14510461,14512573,14517041,14521221,14582396,	0		cmpl	cmpl	1,0,0,1,0,0,0,0,
695	CCDS42906.1	chr21	-	14485911	14546261	14485911	14546261	8	14485911,14498441,14500528,14510309,14512443,14516891,14521149,14546204,	14486114,14498592,14500735,14510461,14512573,14517041,14521221,14546261,	0		cmpl	cmpl	1,0,0,1,0,0,0,0,
699	CCDS13568.1	chr21	-	14964715	14968192	14964715	14968192	1	14964715,	14968192,	0		cmpl	cmpl	0,
88	CCDS63337.1	chr21	+	15730393	15878475	15730393	15878475	25	15730393,15762890,15765996,15777903,15791501,15799756,15805120,15808808,15811136,15818697,15824038,15824965,15826203,15826976,15830530,15831400,15833347,15842397,15849776,15864267,15866265,15870067,15874402,15877795,15878302,	15730438,15762968,15766141,15778027,15791664,15799843,15805258,15808885,15811210,15818846,15824166,15825061,15826365,15827203,15830601,15831629,15833548,15842540,15849872,15864446,15866344,15870147,15874526,15877991,15878475,	0		cmpl	cmpl	0,0,0,1,2,0,0,0,2,1,0,2,2,2,1,0,1,1,0,0,2,0,2,0,1,
88	CCDS63336.1	chr21	+	15730393	15878475	15730393	15878475	26	15730393,15762890,15765996,15777903,15791501,15799756,15805120,15808808,15811136,15818697,15824038,15824965,15826203,15826976,15830530,15831400,15833347,15842397,15847662,15849776,15864267,15866265,15870067,15874402,15877795,15878302,	15730438,15762968,15766141,15778027,15791664,15799843,15805258,15808885,15811210,15818846,15824166,15825061,15826365,15827203,15830601,15831629,15833548,15842540,15847776,15849872,15864446,15866344,15870147,15874526,15877991,15878475,	0		cmpl	cmpl	0,0,0,1,2,0,0,0,2,1,0,2,2,2,1,0,1,1,0,0,0,2,0,2,0,1,
88	CCDS33515.1	chr21	+	15730393	15878475	15730393	15878475	24	15730393,15762890,15765996,15777903,15791501,15799756,15805120,15808808,15811136,15818697,15824038,15824965,15826203,15826976,15830530,15831400,15833347,15842397,15864267,15866265,15870067,15874402,15877795,15878302,	15730438,15762968,15766141,15778027,15791664,15799843,15805258,15808885,15811210,15818846,15824166,15825061,15826365,15827203,15830601,15831629,15833548,15842540,15864446,15866344,15870147,15874526,15877991,15878475,	0		cmpl	cmpl	0,0,0,1,2,0,0,0,2,1,0,2,2,2,1,0,1,1,0,2,0,2,0,1,
89	CCDS56207.1	chr21	+	17513129	17565487	17513129	17565487	3	17513129,17547026,17565427,	17513172,17547193,17565487,	0		cmpl	cmpl	0,1,0,
89	CCDS56206.1	chr21	+	17513129	17565615	17513129	17565615	4	17513129,17547026,17551748,17565427,	17513172,17547193,17551953,17565615,	0		cmpl	cmpl	0,1,0,1,
89	CCDS56205.1	chr21	+	17513129	17565615	17513129	17565615	5	17513129,17547026,17551748,17558975,17565427,	17513172,17547193,17551953,17559131,17565615,	0		cmpl	cmpl	0,1,0,1,1,
89	CCDS56204.1	chr21	+	17513129	17593193	17513129	17593193	8	17513129,17547026,17551748,17558975,17560701,17561337,17565427,17593151,	17513172,17547193,17551953,17559131,17560824,17561476,17565611,17593193,	0		cmpl	cmpl	0,1,0,1,1,1,2,0,
89	CCDS33519.1	chr21	+	17513129	17565692	17513129	17565692	7	17513129,17547026,17551748,17558975,17560701,17561337,17565427,	17513172,17547193,17551953,17559131,17560824,17561476,17565692,	0		cmpl	cmpl	0,1,0,1,1,1,2,
719	CCDS46636.1	chr21	-	17594092	17609144	17594092	17609144	5	17594092,17598616,17604144,17604859,17608971,	17594332,17598824,17604276,17604997,17609144,	0		cmpl	cmpl	0,2,2,2,0,
719	CCDS13569.1	chr21	-	17594092	17609144	17594092	17609144	4	17594092,17598616,17604859,17608971,	17594332,17598824,17604997,17609144,	0		cmpl	cmpl	0,2,2,0,
720	CCDS42908.1	chr21	-	17793414	17818318	17793414	17818318	4	17793414,17795207,17796581,17818191,	17793578,17795270,17797118,17818318,	0		cmpl	cmpl	1,1,1,0,
720	CCDS42907.1	chr21	-	17793414	17818318	17793414	17818318	4	17793414,17795207,17796581,17818191,	17793581,17795270,17797118,17818318,	0		cmpl	cmpl	1,1,1,0,
720	CCDS42909.1	chr21	-	17793579	17818318	17793579	17818318	3	17793579,17796581,17818191,	17793581,17797118,17818318,	0		cmpl	cmpl	1,1,0,
724	CCDS13570.1	chr21	+	18245223	18266038	18245223	18266038	6	18245223,18256508,18256969,18260199,18262790,18265953,	18245302,18256818,18257127,18260286,18262893,18266038,	0		cmpl	cmpl	0,1,2,1,1,2,
724	CCDS56208.1	chr21	+	18245947	18266038	18245947	18266038	6	18245947,18256508,18256969,18260199,18262790,18265953,	18245969,18256818,18257127,18260286,18262893,18266038,	0		cmpl	cmpl	0,1,2,1,1,2,
724	CCDS56210.1	chr21	+	18256552	18266153	18256552	18266153	4	18256552,18256969,18260199,18265953,	18256818,18257127,18260286,18266153,	0		cmpl	cmpl	0,2,1,1,
724	CCDS56209.1	chr21	+	18256552	18266038	18256552	18266038	5	18256552,18256969,18260199,18262790,18265953,	18256818,18257127,18260286,18262893,18266038,	0		cmpl	cmpl	0,2,1,1,2,
90	CCDS13571.1	chr21	-	18269968	18403622	18269968	18403622	25	18269968,18275196,18278963,18281039,18294269,18294602,18297733,18312944,18315145,18326431,18329168,18332083,18341412,18343505,18343954,18352902,18353722,18359756,18365139,18372192,18379282,18383626,18397878,18398198,18403477,	18270124,18275336,18279059,18281221,18294444,18294652,18297829,18313077,18315256,18326572,18329294,18332173,18341548,18343656,18344060,18353052,18353863,18359863,18365248,18372324,18379318,18383778,18397946,18398329,18403622,	0		cmpl	cmpl	0,1,1,2,1,2,2,1,1,1,1,1,0,2,1,1,1,2,1,1,1,2,0,1,0,
93	CCDS42910.1	chr21	+	20998563	21537957	20998563	21537957	18	20998563,21280577,21284193,21286268,21292103,21324382,21335504,21338388,21373862,21410273,21418472,21432107,21466605,21468661,21477290,21508850,21534536,21537845,	20998618,21280652,21284400,21286412,21292241,21324500,21335665,21338534,21374013,21410461,21418569,21432281,21466725,21468783,21477471,21509055,21534656,21537957,	0		cmpl	cmpl	0,1,1,1,1,1,2,1,0,1,0,1,1,1,0,1,2,2,
780	CCDS13573.1	chr21	-	25585706	25607475	25585706	25607475	10	25585706,25588834,25592811,25593892,25597301,25599798,25601367,25603795,25606448,25607402,	25585754,25588882,25592965,25593958,25597414,25599866,25601467,25603935,25606655,25607475,	0		cmpl	cmpl	0,0,2,2,0,1,0,1,1,0,
780	CCDS33522.1	chr21	-	25585750	25607475	25585750	25607475	11	25585750,25587700,25588834,25592811,25593892,25597301,25599798,25601367,25603795,25606448,25607402,	25585754,25587789,25588882,25592965,25593958,25597414,25599866,25601467,25603935,25606655,25607475,	0		cmpl	cmpl	2,0,0,2,2,0,1,0,1,1,0,
97	CCDS58788.1	chr21	+	25639821	25714672	25639821	25714672	9	25639821,25683882,25693755,25698676,25702169,25705978,25709433,25712339,25714639,	25639888,25683948,25693908,25698879,25702269,25706086,25709449,25712382,25714672,	0		cmpl	cmpl	0,1,1,1,0,1,1,2,0,
97	CCDS58787.1	chr21	+	25639821	25714305	25639821	25714305	10	25639821,25683882,25689865,25693755,25698676,25702169,25705978,25709433,25712339,25714230,	25639888,25683948,25689973,25693908,25698879,25702269,25706086,25709449,25712382,25714305,	0		cmpl	cmpl	0,1,1,1,1,0,1,1,2,0,
97	CCDS42911.1	chr21	+	25639821	25714672	25639821	25714672	10	25639821,25683882,25689865,25693755,25698676,25702169,25705978,25709433,25712339,25714639,	25639888,25683948,25689973,25693908,25698879,25702269,25706086,25709449,25712382,25714672,	0		cmpl	cmpl	0,1,1,1,1,0,1,1,2,0,
781	CCDS46637.1	chr21	-	25724639	25734955	25724639	25734955	4	25724639,25725225,25729630,25734938,	25724677,25725350,25729801,25734955,	0		cmpl	cmpl	1,2,2,0,
781	CCDS13574.1	chr21	-	25724639	25729794	25724639	25729794	3	25724639,25725225,25729630,	25724677,25725350,25729794,	0		cmpl	cmpl	1,2,0,
781	CCDS13575.1	chr21	+	25741598	25769232	25741598	25769232	9	25741598,25745209,25749035,25751988,25758009,25762311,25764209,25764594,25769003,	25741675,25745354,25749120,25752234,25758204,25762365,25764350,25764787,25769232,	0		cmpl	cmpl	0,2,0,1,1,1,1,1,2,
97	CCDS56213.1	chr21	-	25881669	26170620	25881669	26170620	17	25881669,25891721,25897572,25911740,25954589,25955626,25975069,25975953,25982343,25997359,26000014,26021839,26050999,26053235,26089942,26111978,26170563,	25881771,25891868,25897673,25911962,25954689,25955755,25975228,25976028,25982477,25997416,26000182,26022042,26051193,26053348,26090072,26112146,26170620,	0		cmpl	cmpl	0,0,1,1,0,0,0,0,1,1,1,2,0,1,0,0,0,
97	CCDS56212.1	chr21	-	25881669	26140194	25881669	26140194	17	25881669,25891721,25897572,25905023,25911740,25954589,25955626,25975069,25975953,25982343,26000014,26021839,26050999,26053235,26089942,26111978,26140152,	25881771,25891868,25897673,25905077,25911962,25954689,25955755,25975228,25976028,25982477,26000182,26022042,26051193,26053348,26090072,26112146,26140194,	0		cmpl	cmpl	0,0,1,1,1,0,0,0,0,1,1,2,0,1,0,0,0,
97	CCDS56211.1	chr21	-	25881669	26112098	25881669	26112098	15	25881669,25891721,25897572,25905023,25911740,25954589,25955626,25975069,25975953,25982343,26021839,26050999,26053235,26089942,26111978,	25881771,25891868,25897673,25905077,25911962,25954689,25955755,25975228,25976028,25982477,26022042,26051193,26053348,26090072,26112098,	0		cmpl	cmpl	0,0,1,1,1,0,0,0,0,1,2,0,1,0,0,
97	CCDS46639.1	chr21	-	25881669	26170620	25881669	26170620	17	25881669,25891721,25897572,25905023,25911740,25954589,25955626,25975069,25975953,25982343,25997359,26000014,26021839,26050999,26053235,26089942,26170563,	25881771,25891868,25897673,25905077,25911962,25954689,25955755,25975228,25976028,25982477,25997416,26000182,26022042,26051193,26053348,26090072,26170620,	0		cmpl	cmpl	0,0,1,1,1,0,0,0,0,1,1,1,2,0,1,0,0,
97	CCDS46638.1	chr21	-	25881669	26170620	25881669	26170620	15	25881669,25891721,25897572,25905023,25911740,25954589,25955626,25975069,25975953,25982343,26021839,26050999,26053235,26089942,26170563,	25881771,25891868,25897673,25905077,25911962,25954689,25955755,25975228,25976028,25982477,26022042,26051193,26053348,26090072,26170620,	0		cmpl	cmpl	0,0,1,1,1,0,0,0,0,1,2,0,1,0,0,
97	CCDS33523.1	chr21	-	25881669	26170620	25881669	26170620	17	25881669,25891721,25897572,25905023,25911740,25954589,25955626,25975069,25975953,25982343,26000014,26021839,26050999,26053235,26089942,26111978,26170563,	25881771,25891868,25897673,25905077,25911962,25954689,25955755,25975228,25976028,25982477,26000182,26022042,26051193,26053348,26090072,26112146,26170620,	0		cmpl	cmpl	0,0,1,1,1,0,0,0,0,1,1,2,0,1,0,0,0,
97	CCDS13577.1	chr21	-	25881669	26170620	25881669	26170620	16	25881669,25891721,25897572,25905023,25911740,25954589,25955626,25975069,25975953,25982343,26021839,26050999,26053235,26089942,26111978,26170563,	25881771,25891868,25897673,25905077,25911962,25954689,25955755,25975228,25976028,25982477,26022042,26051193,26053348,26090072,26112146,26170620,	0		cmpl	cmpl	0,0,1,1,1,0,0,0,0,1,2,0,1,0,0,0,
97	CCDS13576.1	chr21	-	25881669	26170620	25881669	26170620	18	25881669,25891721,25897572,25905023,25911740,25954589,25955626,25975069,25975953,25982343,25997359,26000014,26021839,26050999,26053235,26089942,26111978,26170563,	25881771,25891868,25897673,25905077,25911962,25954689,25955755,25975228,25976028,25982477,25997416,26000182,26022042,26051193,26053348,26090072,26112146,26170620,	0		cmpl	cmpl	0,0,1,1,1,0,0,0,0,1,1,1,2,0,1,0,0,0,
98	CCDS13578.1	chr21	-	26468500	26572940	26468500	26572940	4	26468500,26480271,26566265,26572867,	26468631,26480429,26566368,26572940,	0		cmpl	cmpl	1,2,1,0,
789	CCDS33524.1	chr21	-	26837578	26844954	26837578	26844954	9	26837578,26838438,26839586,26839874,26840275,26840997,26841857,26842338,26844224,	26838278,26838614,26839762,26840061,26840562,26841165,26841990,26842685,26844954,	0		cmpl	cmpl	2,0,1,0,1,1,0,1,0,
790	CCDS13579.1	chr21	-	26924052	26966391	26924052	26966391	8	26924052,26929885,26932003,26932860,26934465,26943379,26954738,26965287,	26924620,26930061,26932179,26933044,26934749,26943547,26954871,26966391,	0		cmpl	cmpl	2,0,1,0,1,1,0,0,
805	CCDS33526.1	chr21	-	28876384	28885345	28876384	28885345	6	28876384,28878191,28879869,28882159,28882984,28885211,	28876491,28878333,28879953,28882250,28883071,28885345,	0		cmpl	cmpl	1,0,0,2,2,0,
805	CCDS33525.1	chr21	-	28876384	28885345	28876384	28885345	5	28876384,28878191,28882159,28882984,28885211,	28876491,28878333,28882250,28883071,28885345,	0		cmpl	cmpl	1,0,2,2,0,
100	CCDS33527.2	chr21	-	28930447	28992943	28930447	28992943	30	28930447,28931154,28932469,28935108,28936525,28941219,28943261,28943666,28944382,28945806,28946151,28947463,28952159,28953216,28956761,28957331,28958385,28959457,28960516,28965864,28966369,28969465,28970551,28971270,28981118,28982315,28984691,28986138,28986730,28992763,	28930510,28931322,28932664,28935329,28936697,28941406,28943336,28943904,28944596,28945951,28946287,28947606,28952264,28953376,28956948,28957476,28958539,28959697,28960706,28965906,28967179,28969601,28970742,28971444,28981299,28982368,28984922,28986237,28986934,28992943,	0		cmpl	cmpl	0,0,0,1,0,2,2,1,0,2,1,2,2,1,0,2,1,1,0,0,0,2,0,0,2,0,0,0,0,0,
806	CCDS13582.1	chr21	-	29006416	29019277	29006416	29019277	5	29006416,29007760,29008239,29008394,29019210,	29006651,29008123,29008307,29008621,29019277,	0		cmpl	cmpl	2,2,0,1,0,
806	CCDS42912.1	chr21	+	29027913	29054187	29027913	29054187	17	29027913,29030594,29034836,29036270,29037278,29038334,29039025,29039480,29040608,29042012,29042471,29043422,29046666,29048760,29050091,29053801,29054065,	29027974,29030773,29034940,29036374,29037463,29038430,29039156,29039568,29040687,29042104,29042528,29043599,29047321,29048855,29050178,29053958,29054187,	0		cmpl	cmpl	0,1,0,2,1,0,0,2,0,1,0,0,0,1,0,0,1,
806	CCDS13583.1	chr21	+	29027913	29054187	29027913	29054187	17	29027913,29030594,29034836,29036270,29037275,29038334,29039025,29039480,29040608,29042012,29042471,29043422,29046666,29048760,29050091,29053801,29054065,	29027974,29030773,29034940,29036374,29037463,29038430,29039156,29039568,29040687,29042104,29042528,29043599,29047321,29048855,29050178,29053958,29054187,	0		cmpl	cmpl	0,1,0,2,1,0,0,2,0,1,0,0,0,1,0,0,1,
806	CCDS68180.1	chr21	-	29056474	29070258	29056474	29070258	13	29056474,29060540,29061252,29061495,29062127,29062327,29062489,29063351,29064967,29066715,29066890,29067555,29070246,	29056552,29060660,29061417,29061567,29062243,29062415,29062556,29063530,29065105,29066777,29067071,29067705,29070258,	0		cmpl	cmpl	0,0,0,0,1,0,2,0,0,1,0,0,0,
806	CCDS33528.1	chr21	-	29056474	29073590	29056474	29073590	15	29056474,29060540,29061252,29061495,29062127,29062327,29062489,29063351,29064967,29066715,29066890,29067555,29069422,29070246,29073530,	29056552,29060660,29061417,29061567,29062243,29062415,29062556,29063530,29065105,29066777,29067071,29067705,29069502,29070337,29073590,	0		cmpl	cmpl	0,0,0,0,1,0,2,0,0,1,0,0,1,0,0,
100	CCDS13584.1	chr21	+	29085860	29174892	29085860	29174892	7	29085860,29091500,29091667,29092438,29149188,29159940,29174711,	29085917,29091576,29091761,29092581,29149250,29160056,29174892,	0		cmpl	cmpl	0,0,1,2,1,0,2,
807	CCDS74775.1	chr21	+	29109131	29174892	29109131	29174892	4	29109131,29149188,29159940,29174711,	29109183,29149250,29160056,29174892,	0		cmpl	cmpl	0,1,0,2,
807	CCDS68182.1	chr21	+	29133344	29174892	29133344	29174892	4	29133344,29149188,29159940,29174711,	29133414,29149250,29160056,29174892,	0		cmpl	cmpl	0,1,0,2,
808	CCDS13585.1	chr21	+	29321280	29342833	29321280	29342833	4	29321280,29326058,29329486,29342398,	29321514,29327393,29329693,29342833,	0		cmpl	cmpl	0,0,0,0,
101	CCDS33530.1	chr21	-	29537229	29939500	29537229	29939500	16	29537229,29555051,29561623,29576963,29581424,29587365,29588838,29591111,29598829,29642825,29651117,29654809,29672982,29689727,29693895,29939382,	29537385,29555302,29561849,29577181,29581543,29587589,29589042,29591225,29598937,29642969,29651291,29654863,29673164,29689985,29694063,29939500,	0		cmpl	cmpl	0,1,0,1,2,0,0,0,0,0,0,0,1,1,1,0,
101	CCDS42913.1	chr21	-	29553554	29939500	29553554	29939500	17	29553554,29555051,29561623,29576963,29581424,29587365,29588838,29591111,29596525,29598829,29642825,29651117,29654809,29672982,29689727,29693895,29939382,	29553704,29555302,29561849,29577181,29581543,29587589,29589042,29591225,29596570,29598937,29642969,29651291,29654863,29673164,29689985,29694063,29939500,	0		cmpl	cmpl	0,1,0,1,2,0,0,0,0,0,0,0,0,1,1,1,0,
815	CCDS13586.1	chr21	-	30165942	30166617	30165942	30166617	1	30165942,	30166617,	0		cmpl	cmpl	0,
815	CCDS13587.1	chr21	-	30215247	30215925	30215247	30215925	1	30215247,	30215925,	0		cmpl	cmpl	0,
816	CCDS42915.1	chr21	-	30282167	30282932	30282167	30282932	1	30282167,	30282932,	0		cmpl	cmpl	0,
816	CCDS46640.1	chr21	-	30289181	30289490	30289181	30289490	1	30289181,	30289490,	0		cmpl	cmpl	0,
816	CCDS13588.1	chr21	-	30319402	30320035	30319402	30320035	1	30319402,	30320035,	0		cmpl	cmpl	0,
816	CCDS33532.1	chr21	-	30337044	30337668	30337044	30337668	1	30337044,	30337668,	0		cmpl	cmpl	0,
816	CCDS33533.1	chr21	-	30348408	30348606	30348408	30348606	1	30348408,	30348606,	0		cmpl	cmpl	0,
816	CCDS13589.1	chr21	-	30371685	30372213	30371685	30372213	1	30371685,	30372213,	0		cmpl	cmpl	0,
816	CCDS13590.2	chr21	+	30396086	30396605	30396086	30396605	1	30396086,	30396605,	0		cmpl	cmpl	0,
817	CCDS13591.1	chr21	-	30425393	30425912	30425393	30425912	1	30425393,	30425912,	0		cmpl	cmpl	0,
817	CCDS13592.1	chr21	+	30430275	30430758	30430275	30430758	1	30430275,	30430758,	0		cmpl	cmpl	0,
817	CCDS13593.1	chr21	+	30440327	30440741	30440327	30440741	1	30440327,	30440741,	0		cmpl	cmpl	0,
817	CCDS13594.1	chr21	-	30480044	30480317	30480044	30480317	1	30480044,	30480317,	0		cmpl	cmpl	0,
817	CCDS13595.1	chr21	-	30487189	30487348	30487189	30487348	1	30487189,	30487348,	0		cmpl	cmpl	0,
817	CCDS13596.1	chr21	-	30491711	30491957	30491711	30491957	1	30491711,	30491957,	0		cmpl	cmpl	0,
817	CCDS33534.1	chr21	-	30496855	30497110	30496855	30497110	1	30496855,	30497110,	0		cmpl	cmpl	0,
817	CCDS13597.1	chr21	-	30501871	30502090	30501871	30502090	1	30501871,	30502090,	0		cmpl	cmpl	0,
818	CCDS13598.1	chr21	-	30541656	30541833	30541656	30541833	1	30541656,	30541833,	0		cmpl	cmpl	0,
818	CCDS13599.1	chr21	-	30561097	30561289	30561097	30561289	1	30561097,	30561289,	0		cmpl	cmpl	0,
818	CCDS46641.1	chr21	-	30590236	30590374	30590236	30590374	1	30590236,	30590374,	0		cmpl	cmpl	0,
818	CCDS13600.1	chr21	-	30598685	30598874	30598685	30598874	1	30598685,	30598874,	0		cmpl	cmpl	0,
818	CCDS13601.1	chr21	+	30601120	30601267	30601120	30601267	1	30601120,	30601267,	0		cmpl	cmpl	0,
818	CCDS13602.1	chr21	-	30613688	30613904	30613688	30613904	1	30613688,	30613904,	0		cmpl	cmpl	0,
818	CCDS13603.1	chr21	+	30616454	30616625	30616454	30616625	1	30616454,	30616625,	0		cmpl	cmpl	0,
818	CCDS13604.1	chr21	+	30635263	30635461	30635263	30635461	1	30635263,	30635461,	0		cmpl	cmpl	0,
818	CCDS46642.1	chr21	+	30642888	30643023	30642888	30643023	1	30642888,	30643023,	0		cmpl	cmpl	0,
819	CCDS54481.1	chr21	-	30718582	30718759	30718582	30718759	1	30718582,	30718759,	0		cmpl	cmpl	0,
819	CCDS13605.1	chr21	-	30746950	30747202	30746950	30747202	1	30746950,	30747202,	0		cmpl	cmpl	0,
819	CCDS13606.1	chr21	-	30755138	30755378	30755138	30755378	1	30755138,	30755378,	0		cmpl	cmpl	0,
820	CCDS13607.1	chr21	-	30813028	30813220	30813028	30813220	1	30813028,	30813220,	0		cmpl	cmpl	0,
820	CCDS74780.1	chr21	-	30829434	30829698	30829434	30829698	1	30829434,	30829698,	0		cmpl	cmpl	0,
820	CCDS13608.1	chr21	-	30881032	30881524	30881032	30881524	1	30881032,	30881524,	0		cmpl	cmpl	0,
821	CCDS42917.1	chr21	-	31038251	31038443	31038251	31038443	1	31038251,	31038443,	0		cmpl	cmpl	0,
102	CCDS13609.1	chr21	-	31120367	31266972	31120367	31266972	25	31120367,31124521,31127064,31130212,31130889,31135932,31141117,31141324,31146894,31152635,31153065,31154246,31164961,31182420,31187000,31195223,31202907,31210044,31213397,31217552,31223405,31225725,31245487,31251741,31266009,	31120837,31124694,31127152,31130315,31130948,31136041,31141236,31141504,31147003,31152761,31153134,31154426,31165065,31182645,31187087,31195305,31203012,31210215,31213472,31217699,31223591,31225950,31245660,31252189,31266972,	0		cmpl	cmpl	1,2,1,0,1,0,1,1,0,0,0,0,1,1,1,0,0,0,0,0,0,0,1,0,0,
826	CCDS33536.1	chr21	+	31659769	31668578	31659769	31668578	5	31659769,31663789,31666448,31667257,31668470,	31659841,31663886,31666518,31667375,31668578,	0		cmpl	cmpl	0,0,1,2,0,
103	CCDS54482.1	chr21	-	31671398	31731692	31671398	31731692	19	31671398,31685048,31685397,31685567,31688306,31690796,31691816,31692348,31693293,31694203,31694812,31696112,31696568,31700994,31701775,31702243,31703764,31706273,31731662,	31672354,31685240,31685484,31685733,31688464,31690953,31691930,31692449,31693484,31694289,31694980,31696221,31696750,31701171,31701918,31702379,31703926,31706357,31731692,	0		cmpl	cmpl	1,1,1,0,1,0,0,1,2,0,0,2,0,0,1,0,0,0,0,
103	CCDS46644.1	chr21	-	31671398	31731692	31671398	31731692	20	31671398,31685048,31685397,31685567,31688306,31690796,31691816,31692348,31693293,31694203,31694812,31696112,31696568,31700994,31701775,31702243,31703764,31705422,31706273,31731662,	31672354,31685174,31685484,31685733,31688464,31690953,31691930,31692449,31693484,31694289,31694980,31696221,31696750,31701171,31701918,31702379,31703926,31705467,31706357,31731692,	0		cmpl	cmpl	1,1,1,0,1,0,0,1,2,0,0,2,0,0,1,0,0,0,0,0,
103	CCDS33537.1	chr21	-	31671398	31731692	31671398	31731692	20	31671398,31685048,31685397,31685567,31688306,31690796,31691816,31692348,31693293,31694203,31694812,31696112,31696568,31700994,31701775,31702243,31703764,31705422,31706273,31731662,	31672354,31685240,31685484,31685733,31688464,31690953,31691930,31692449,31693484,31694289,31694980,31696221,31696750,31701171,31701918,31702379,31703926,31705467,31706357,31731692,	0		cmpl	cmpl	1,1,1,0,1,0,0,1,2,0,0,2,0,0,1,0,0,0,0,0,
103	CCDS13610.1	chr21	+	31873674	31999184	31873674	31999184	11	31873674,31924467,31940164,31946035,31958842,31968249,31974554,31983525,31990128,31995767,31998525,	31873935,31924760,31940220,31946171,31958970,31968385,31974717,31983609,31990176,31995948,31999184,	0		cmpl	cmpl	0,0,2,1,2,1,2,0,0,0,1,
831	CCDS13611.1	chr21	-	32269036	32279014	32269036	32279014	5	32269036,32269706,32270406,32274829,32278680,	32269117,32269803,32270529,32274896,32279014,	0		cmpl	cmpl	0,2,2,1,0,
831	CCDS13613.1	chr21	+	32298971	32311996	32298971	32311996	3	32298971,32306639,32311683,	32299077,32306739,32311996,	0		cmpl	cmpl	0,1,2,
831	CCDS13612.1	chr21	+	32298971	32314653	32298971	32314653	3	32298971,32306639,32314550,	32299077,32306739,32314653,	0		cmpl	cmpl	0,1,2,
103	CCDS46645.1	chr21	-	32314917	32392910	32314917	32392910	39	32314917,32316465,32317675,32319216,32320530,32321800,32322477,32324490,32325228,32333316,32334162,32337093,32337403,32338706,32341465,32344569,32345373,32346955,32349303,32350703,32352709,32353932,32354858,32355448,32357536,32359795,32361006,32361891,32363155,32366617,32368402,32372506,32373646,32375397,32378444,32383421,32384312,32385544,32392768,	32315099,32317065,32317917,32319414,32320640,32321944,32322584,32324602,32325389,32333419,32334334,32337157,32337514,32338900,32341524,32344756,32345575,32347811,32349483,32350922,32352906,32354103,32354997,32355565,32357656,32359908,32361123,32362021,32363329,32366755,32368598,32372631,32373772,32375483,32378541,32383554,32384464,32385684,32392910,	0		cmpl	cmpl	1,1,2,2,0,0,1,0,1,0,2,1,1,2,0,2,1,0,0,0,1,1,0,0,0,1,1,0,0,0,2,0,0,1,0,2,0,1,0,
12	CCDS68186.1	chr21	+	32412853	32515190	32412853	32515190	8	32412853,32453311,32457596,32467695,32495026,32501414,32503925,32514813,	32413013,32453508,32457720,32467848,32495170,32501486,32504015,32515190,	0		cmpl	cmpl	0,1,0,1,1,1,1,1,
12	CCDS13614.1	chr21	+	32412853	32515190	32412853	32515190	8	32412853,32453311,32457596,32467695,32495026,32501414,32503925,32514813,	32413013,32453508,32457720,32467848,32495170,32501495,32504015,32515190,	0		cmpl	cmpl	0,1,0,1,1,1,1,1,
833	CCDS13616.1	chr21	-	32576773	32584304	32576773	32584304	4	32576773,32578693,32582199,32584160,	32576923,32578831,32582415,32584304,	0		cmpl	cmpl	0,0,0,0,
833	CCDS13617.1	chr21	-	32601862	32612243	32601862	32612243	7	32601862,32602271,32603160,32604124,32607648,32609837,32612104,	32601973,32602367,32603292,32604283,32607716,32610005,32612243,	0		cmpl	cmpl	0,0,0,0,1,1,0,
104	CCDS33539.2	chr21	-	32630994	32728040	32630994	32728040	32	32630994,32638907,32639670,32641895,32642094,32643409,32644967,32645645,32646392,32650183,32653287,32656686,32657002,32657715,32664912,32665942,32666432,32670287,32673339,32676331,32678644,32681495,32684037,32685747,32686977,32688305,32694227,32695056,32699837,32701960,32726771,32727945,	32631801,32639125,32639779,32641966,32642133,32643457,32645006,32645789,32646602,32650346,32653366,32656902,32657120,32657872,32665071,32666135,32666573,32670372,32673531,32676355,32678801,32681648,32684119,32685917,32687074,32688367,32694311,32695282,32700105,32702047,32726917,32728040,	0		cmpl	cmpl	0,1,0,1,1,1,1,1,1,0,2,2,1,0,0,2,2,1,1,1,0,0,2,0,2,0,0,2,1,1,2,0,
104	CCDS54483.1	chr21	-	32634863	32726895	32634863	32726895	30	32634863,32638907,32639670,32641895,32642094,32644967,32645645,32646392,32650183,32653287,32656686,32657002,32657715,32664912,32665942,32666432,32670287,32673339,32676331,32678644,32681495,32684037,32685747,32686977,32688305,32694227,32695056,32699837,32701960,32726771,	32634884,32639125,32639779,32641966,32642133,32645006,32645789,32646602,32650346,32653366,32656902,32657120,32657872,32665071,32666135,32666573,32670372,32673531,32676355,32678801,32681648,32684119,32685917,32687074,32688367,32694311,32695282,32700105,32702047,32726895,	0		cmpl	cmpl	0,1,0,1,1,1,1,1,0,2,2,1,0,0,2,2,1,1,1,0,0,2,0,2,0,0,2,1,1,0,
104	CCDS33540.2	chr21	-	32634863	32728040	32634863	32728040	32	32634863,32638907,32639670,32641895,32642094,32643409,32644967,32645645,32646392,32650183,32653287,32656686,32657002,32657715,32664912,32665942,32666432,32670287,32673339,32676331,32678644,32681495,32684037,32685747,32686977,32688305,32694227,32695056,32699837,32701960,32726771,32727945,	32634884,32639125,32639779,32641966,32642133,32643457,32645006,32645789,32646602,32650346,32653366,32656902,32657120,32657872,32665071,32666135,32666573,32670372,32673531,32676355,32678801,32681648,32684119,32685917,32687074,32688367,32694311,32695282,32700105,32702047,32726917,32728040,	0		cmpl	cmpl	0,1,0,1,1,1,1,1,1,0,2,2,1,0,0,2,2,1,1,1,0,0,2,0,2,0,0,2,1,1,2,0,
104	CCDS13619.1	chr21	-	32734949	32771668	32734949	32771668	18	32734949,32737253,32738172,32743247,32743677,32744791,32745573,32748498,32750916,32751118,32755229,32759079,32759776,32761058,32762095,32764347,32769813,32771325,	32735067,32737408,32738319,32743314,32743754,32744913,32745718,32748698,32751032,32751218,32755353,32759269,32759994,32761162,32762317,32764524,32769942,32771668,	0		cmpl	cmpl	2,0,0,2,0,1,0,1,2,1,0,2,0,1,1,1,1,0,
104	CCDS33541.1	chr21	-	32741508	32771668	32741508	32771668	16	32741508,32743247,32743677,32744791,32745573,32748498,32750916,32751118,32755229,32759079,32759776,32761058,32762095,32764347,32769813,32771325,	32741622,32743314,32743754,32744913,32745718,32748698,32751032,32751218,32755353,32759269,32759994,32761162,32762317,32764524,32769942,32771668,	0		cmpl	cmpl	0,2,0,1,0,1,2,1,0,2,0,1,1,1,1,0,
835	CCDS42919.2	chr21	-	32793761	32794421	32793761	32794421	1	32793761,	32794421,	0		cmpl	cmpl	0,
836	CCDS13620.1	chr21	+	33026862	33027834	33026862	33027834	1	33026862,	33027834,	0		cmpl	cmpl	0,
837	CCDS42920.2	chr21	+	33070246	33071062	33070246	33071062	1	33070246,	33071062,	0		cmpl	cmpl	0,
838	CCDS74782.1	chr21	+	33241922	33262803	33241922	33262803	7	33241922,33243672,33244950,33246717,33248708,33252661,33262792,	33241977,33243714,33245074,33246890,33248854,33252830,33262803,	0		cmpl	cmpl	0,1,1,2,1,0,1,
838	CCDS13622.1	chr21	+	33241922	33262716	33241922	33262716	8	33241922,33243672,33244950,33246717,33248708,33252661,33260596,33262560,	33241977,33243714,33245074,33246890,33248854,33252830,33260727,33262716,	0		cmpl	cmpl	0,1,1,2,1,0,1,0,
838	CCDS13621.1	chr21	+	33241922	33263500	33241922	33263500	8	33241922,33243672,33244950,33246717,33248708,33252661,33260596,33262792,	33241977,33243714,33245074,33246890,33248854,33252830,33260727,33263500,	0		cmpl	cmpl	0,1,1,2,1,0,1,0,
104	CCDS13623.1	chr21	+	33266465	33296357	33266465	33296357	7	33266465,33268393,33276595,33279751,33283093,33288103,33296183,	33266514,33268517,33276753,33279918,33283241,33288261,33296357,	0		cmpl	cmpl	0,1,2,1,0,1,0,
839	CCDS13624.1	chr21	+	33325055	33355549	33325055	33355549	11	33325055,33335523,33340998,33343267,33343534,33345245,33349090,33349388,33352757,33353637,33355315,	33325131,33335647,33341174,33343422,33343676,33345360,33349290,33349543,33352908,33353783,33355549,	0		cmpl	cmpl	0,1,2,1,0,1,2,1,0,1,0,
104	CCDS33544.1	chr21	+	33403543	33436962	33403543	33436962	7	33403543,33414887,33421479,33426883,33432176,33432713,33436827,	33403616,33415020,33421685,33427032,33432336,33432871,33436962,	0		cmpl	cmpl	0,1,2,1,0,1,0,
840	CCDS13625.1	chr21	-	33450817	33468885	33450817	33468885	6	33450817,33455726,33460412,33465341,33467009,33468786,	33450863,33455784,33460505,33465409,33467122,33468885,	0		cmpl	cmpl	2,1,1,2,0,0,
840	CCDS13626.1	chr21	-	33488226	33489393	33488226	33489393	1	33488226,	33489393,	0		cmpl	cmpl	0,
840	CCDS13627.1	chr21	-	33504123	33539315	33504123	33539315	21	33504123,33504411,33505560,33505973,33509782,33511251,33516988,33517356,33520363,33520905,33522187,33524768,33528166,33528518,33528849,33530758,33531488,33532344,33534578,33535224,33539170,	33504315,33504527,33505702,33506104,33509920,33511458,33517141,33517608,33520562,33521015,33522282,33525000,33528335,33528604,33528937,33530884,33531557,33532456,33534753,33535320,33539315,	0		cmpl	cmpl	0,1,0,1,1,1,1,1,0,1,2,1,0,1,0,0,0,2,1,1,0,
840	CCDS13628.1	chr21	-	33524764	33539315	33524764	33539315	10	33524764,33528166,33528518,33528849,33530758,33531488,33532344,33534578,33535224,33539170,	33525000,33528335,33528604,33528937,33530884,33531557,33532456,33534753,33535320,33539315,	0		cmpl	cmpl	1,0,1,0,0,0,2,1,1,0,
1	CCDS74784.1	chr21	+	33543092	33557551	33543092	33557551	5	33543092,33546212,33549475,33557155,33557545,	33543169,33546379,33555391,33557316,33557551,	0		cmpl	cmpl	0,2,1,1,0,
1	CCDS13631.1	chr21	+	33543092	33560131	33543092	33560131	7	33543092,33546212,33549475,33557155,33559229,33559586,33559876,	33543169,33546379,33555391,33557316,33559376,33559775,33560131,	0		cmpl	cmpl	0,2,1,1,0,0,0,
1	CCDS13629.1	chr21	+	33543092	33576424	33543092	33576424	12	33543092,33546212,33549475,33557155,33559229,33559586,33567156,33568970,33573307,33575595,33575777,33576364,	33543169,33546379,33555391,33557316,33559376,33559775,33567267,33569087,33573455,33575667,33575893,33576424,	0		cmpl	cmpl	0,2,1,1,0,0,0,0,0,1,1,0,
841	CCDS13632.1	chr21	-	33578306	33588641	33578306	33588641	10	33578306,33579349,33581301,33581950,33582164,33583487,33584589,33585977,33587521,33588320,	33578444,33579562,33581500,33582055,33582246,33583666,33584768,33586181,33587602,33588641,	0		cmpl	cmpl	0,0,2,2,1,2,0,0,0,0,
841	CCDS13633.2	chr21	-	33589821	33631551	33589821	33631551	12	33589821,33591161,33595730,33597279,33599149,33602233,33603403,33613537,33616705,33621995,33624682,33631485,	33589921,33591207,33595836,33597401,33599248,33602345,33603537,33613606,33616750,33622068,33624760,33631551,	0		cmpl	cmpl	2,1,0,1,1,0,1,1,1,0,0,0,
105	CCDS33546.1	chr21	+	33718828	33836988	33718828	33836988	29	33718828,33721177,33722587,33735043,33750142,33751809,33755296,33761922,33765874,33767712,33772060,33774728,33774967,33781460,33781993,33794340,33797378,33799807,33802429,33810974,33813912,33818266,33819240,33823486,33826817,33829623,33834306,33836440,33836986,	33718856,33721270,33722651,33735204,33750322,33751906,33755397,33761986,33766012,33767828,33772323,33774878,33775108,33781548,33782133,33794468,33797608,33799929,33802444,33811222,33814072,33818472,33819323,33823653,33826863,33829745,33834424,33836632,33836988,	0		cmpl	cmpl	0,1,1,2,1,1,2,1,2,2,1,0,0,0,1,0,2,1,0,0,2,0,2,1,0,1,0,1,1,
105	CCDS33545.1	chr21	+	33718828	33888300	33718828	33888300	39	33718828,33721177,33722587,33735043,33750142,33751809,33755296,33761922,33765874,33767712,33772060,33774728,33774967,33781460,33781993,33794340,33797378,33799807,33802429,33810974,33813912,33818266,33819240,33823486,33826817,33829623,33834306,33836440,33856735,33858685,33865150,33867232,33875353,33882242,33883549,33885040,33885438,33886286,33888151,	33718856,33721270,33722651,33735204,33750322,33751906,33755397,33761986,33766012,33767828,33772323,33774878,33775108,33781548,33782133,33794468,33797608,33799929,33802444,33811222,33814072,33818472,33819323,33823653,33826863,33829745,33834424,33836632,33856857,33858792,33865334,33867331,33875521,33882455,33883671,33885123,33885522,33886460,33888300,	0		cmpl	cmpl	0,1,1,2,1,1,2,1,2,2,1,0,0,0,1,0,2,1,0,0,2,0,2,1,0,1,0,1,1,0,2,0,0,0,0,2,1,1,1,
843	CCDS13634.1	chr21	-	33903525	33915763	33903525	33915763	7	33903525,33903934,33907340,33909081,33912288,33914449,33915727,	33903639,33904021,33907453,33909211,33912399,33914500,33915763,	0		cmpl	cmpl	0,0,1,0,0,0,0,
105	CCDS33548.1	chr21	+	34073700	34142600	34073700	34142600	3	34073700,34125340,34142407,	34073745,34125480,34142600,	0		cmpl	cmpl	0,0,2,
845	CCDS33549.1	chr21	+	34095198	34097355	34095198	34097355	1	34095198,	34097355,	0		cmpl	cmpl	0,
847	CCDS13635.1	chr21	+	34370478	34370850	34370478	34370850	1	34370478,	34370850,	0		cmpl	cmpl	0,
847	CCDS33550.1	chr21	+	34379504	34385642	34379504	34385642	2	34379504,34385477,	34379516,34385642,	0		cmpl	cmpl	0,0,
847	CCDS63357.1	chr21	-	34400316	34401072	34400316	34401072	1	34400316,	34401072,	0		cmpl	cmpl	0,
847	CCDS13636.1	chr21	-	34449244	34449634	34449244	34449634	1	34449244,	34449634,	0		cmpl	cmpl	0,
13	CCDS74790.1	chr21	-	34518083	34613795	34518083	34613795	4	34518083,34521498,34523536,34613786,	34518256,34521658,34523710,34613795,	0		cmpl	cmpl	1,0,0,0,
848	CCDS74788.1	chr21	-	34518083	34525414	34518083	34525414	4	34518083,34521498,34523536,34525087,	34518256,34521658,34523710,34525414,	0		cmpl	cmpl	1,0,0,0,
848	CCDS42921.1	chr21	-	34518083	34523557	34518083	34523557	3	34518083,34521498,34523536,	34518256,34521658,34523557,	0		cmpl	cmpl	1,0,0,
848	CCDS33551.1	chr21	-	34518083	34526749	34518083	34526749	4	34518083,34521498,34523536,34526662,	34518256,34521658,34523710,34526749,	0		cmpl	cmpl	1,0,0,0,
13	CCDS13637.1	chr21	-	34518083	34615011	34518083	34615011	4	34518083,34521498,34523536,34614759,	34518256,34521658,34523710,34615011,	0		cmpl	cmpl	1,0,0,0,
849	CCDS13638.1	chr21	+	34669388	34716482	34669388	34716482	6	34669388,34707279,34707943,34708699,34709356,34716320,	34670762,34707389,34708069,34708806,34709538,34716482,	0		cmpl	cmpl	0,0,2,2,1,0,
106	CCDS42922.1	chr21	-	34792134	34887112	34792134	34887112	6	34792134,34799300,34834409,34859473,34880556,34886842,	34792610,34799462,34834601,34859578,34880713,34887112,	0		cmpl	cmpl	1,1,1,1,0,0,
106	CCDS13639.1	chr21	-	34792134	35048899	34792134	35048899	8	34792134,34799300,34834409,34859473,34880556,34886842,34892924,35048841,	34792610,34799462,34834601,34859578,34880713,34887096,34892963,35048899,	0		cmpl	cmpl	1,1,1,1,0,1,1,0,
106	CCDS46646.1	chr21	-	34821667	34887112	34821667	34887112	5	34821667,34834409,34859473,34880556,34886842,	34821696,34834601,34859578,34880713,34887112,	0		cmpl	cmpl	1,1,1,0,0,
107	CCDS74792.1	chr21	-	36036116	36057384	36036116	36057384	10	36036116,36038149,36040574,36041806,36043781,36045581,36048307,36053582,36057108,36057383,	36036251,36038273,36040655,36041888,36043956,36046011,36048396,36053620,36057204,36057384,	0		cmpl	cmpl	0,2,2,1,0,2,0,1,1,0,
107	CCDS13640.1	chr21	-	36036116	36058888	36036116	36058888	10	36036116,36038149,36040574,36041806,36043781,36045581,36048307,36053582,36057108,36058815,	36036251,36038273,36040655,36041888,36043956,36046011,36048396,36053620,36057204,36058888,	0		cmpl	cmpl	0,2,2,1,0,2,0,1,1,0,
107	CCDS74791.1	chr21	-	36043758	36057384	36043758	36057384	6	36043758,36045581,36048307,36053582,36057108,36057383,	36043956,36046011,36048396,36053620,36057204,36057384,	0		cmpl	cmpl	0,2,0,1,1,0,
107	CCDS42923.1	chr21	-	36043758	36058888	36043758	36058888	6	36043758,36045581,36048307,36053582,36057108,36058815,	36043956,36046011,36048396,36053620,36057204,36058888,	0		cmpl	cmpl	0,2,0,1,1,0,
860	CCDS68202.1	chr21	+	36070115	36071939	36070115	36071939	3	36070115,36070949,36071814,	36070404,36071057,36071939,	0		cmpl	cmpl	0,1,1,
860	CCDS13641.1	chr21	+	36070115	36072882	36070115	36072882	3	36070115,36070949,36072445,	36070404,36071057,36072882,	0		cmpl	cmpl	0,1,1,
860	CCDS13642.1	chr21	+	36135192	36146512	36135192	36146512	3	36135192,36137824,36146075,	36135481,36137932,36146512,	0		cmpl	cmpl	0,1,1,
107	CCDS13643.1	chr21	+	36164733	36293571	36164733	36293571	36	36164733,36199069,36200330,36208714,36211552,36211973,36214080,36214441,36219371,36223230,36225564,36227685,36230449,36232803,36237261,36238600,36239764,36245047,36247516,36248379,36251161,36253771,36260676,36263545,36263747,36270012,36277020,36277974,36278208,36280284,36281482,36288013,36288755,36289044,36292103,36293319,	36164871,36199251,36200501,36208904,36211651,36212097,36214190,36214556,36219492,36223350,36225667,36227877,36231134,36233075,36237414,36238701,36239955,36246677,36247628,36248568,36251284,36253909,36260732,36263650,36263814,36270157,36277100,36278084,36278355,36280346,36281611,36288150,36288811,36289206,36292233,36293571,	0		cmpl	cmpl	0,0,2,2,0,0,1,0,1,2,2,0,0,1,0,0,2,1,2,0,0,0,0,2,2,0,1,0,2,2,1,1,0,2,2,0,
862	CCDS42924.1	chr21	+	36320264	36375296	36320264	36375296	17	36320264,36333645,36336873,36337731,36338773,36341398,36344578,36344911,36349310,36356619,36359954,36360183,36362182,36364092,36368987,36372373,36375142,	36320303,36333718,36337006,36337946,36338921,36341546,36344707,36345031,36349408,36356724,36360077,36360258,36362228,36364259,36369876,36372531,36375296,	0		cmpl	cmpl	0,0,1,2,1,2,0,0,0,2,2,2,2,0,2,0,2,
862	CCDS13644.1	chr21	+	36386136	36416366	36386136	36416366	13	36386136,36387597,36391550,36394546,36397414,36399520,36402757,36408760,36409373,36411462,36412883,36415294,36416274,	36386262,36387730,36391668,36394650,36397511,36399605,36402851,36408830,36409465,36411604,36413315,36415389,36416366,	0		cmpl	cmpl	0,0,1,2,1,2,0,1,2,1,2,2,1,
863	CCDS13645.1	chr21	-	36460975	36461695	36460975	36461695	1	36460975,	36461695,	0		cmpl	cmpl	0,
13	CCDS13646.1	chr21	+	36699746	36748092	36699746	36748092	11	36699746,36709167,36712532,36719820,36723044,36726118,36731044,36741716,36743386,36744727,36747664,	36699921,36709250,36712622,36719929,36723130,36726318,36731151,36741864,36743555,36745136,36748092,	0		cmpl	cmpl	0,1,0,0,1,0,2,1,2,0,1,
108	CCDS13647.1	chr21	-	36754245	36938883	36754245	36938883	9	36754245,36756541,36759726,36765011,36767217,36896859,36930250,36936448,36938831,	36754417,36756755,36759841,36765172,36767285,36897131,36930433,36937392,36938883,	0		cmpl	cmpl	2,1,0,1,2,0,0,1,0,
867	CCDS13648.1	chr21	+	37006772	37018207	37006772	37018207	4	37006772,37008156,37013550,37017873,	37006876,37008223,37013618,37018207,	0		cmpl	cmpl	0,2,0,2,
867	CCDS13650.1	chr21	-	37065581	37072515	37065581	37072515	4	37065581,37067261,37069551,37072433,	37065712,37067380,37069624,37072515,	0		cmpl	cmpl	1,2,1,0,
867	CCDS13649.1	chr21	-	37065581	37072587	37065581	37072587	4	37065581,37067261,37069551,37072433,	37065712,37067380,37069624,37072587,	0		cmpl	cmpl	1,2,1,0,
108	CCDS13651.1	chr21	+	37087257	37201574	37087257	37201574	45	37087257,37087832,37088195,37088798,37090232,37091292,37094004,37095349,37096580,37108391,37121816,37122982,37124618,37126079,37129002,37132681,37135379,37138633,37140560,37144524,37147480,37148545,37150077,37150819,37151892,37152950,37156654,37159698,37160801,37161989,37164050,37165549,37167554,37172594,37182773,37185705,37187048,37188494,37191333,37192111,37195674,37197569,37197881,37200231,37201439,	37087401,37087875,37088346,37088886,37090286,37091413,37094090,37095444,37096643,37108446,37121979,37123028,37124742,37126143,37129063,37132766,37135514,37138714,37140673,37144645,37147603,37148647,37150170,37150884,37152029,37153277,37156906,37159745,37160858,37162063,37164215,37166615,37167620,37172744,37182913,37185774,37187145,37188595,37191424,37192213,37196036,37197696,37198025,37200324,37201574,	0		cmpl	cmpl	0,0,1,2,0,0,1,0,2,2,0,1,2,0,1,2,0,0,0,2,0,0,0,0,2,1,1,1,0,0,2,2,0,0,0,2,2,0,2,0,0,2,0,0,0,
869	CCDS33553.1	chr21	-	37225543	37267294	37225543	37267294	8	37225543,37227653,37228222,37232376,37233361,37238459,37240495,37267237,	37225626,37227806,37228373,37232451,37233442,37238609,37240639,37267294,	0		cmpl	cmpl	1,1,0,0,0,0,0,0,
108	CCDS42926.1	chr21	+	37420374	37506307	37420374	37506307	10	37420374,37472683,37478180,37480637,37486466,37490174,37493016,37496117,37505282,37506098,	37420384,37472880,37478300,37480826,37486614,37490461,37493163,37496258,37505589,37506307,	0		cmpl	cmpl	0,1,0,0,0,1,0,0,0,1,
108	CCDS42925.1	chr21	+	37420374	37512531	37420374	37512531	11	37420374,37472683,37478180,37480637,37486466,37490174,37493016,37496117,37505282,37506098,37511910,	37420384,37472880,37478300,37480826,37486614,37490461,37493163,37496258,37505589,37506223,37512531,	0		cmpl	cmpl	0,1,0,0,0,1,0,0,0,1,0,
108	CCDS13654.1	chr21	+	37420374	37511954	37420374	37511954	10	37420374,37472683,37478180,37480637,37486466,37490174,37493016,37496117,37505282,37511910,	37420384,37472880,37478300,37480826,37486614,37490461,37493163,37496258,37505589,37511954,	0		cmpl	cmpl	0,1,0,0,0,1,0,0,0,1,
108	CCDS13653.1	chr21	+	37420374	37512531	37420374	37512531	11	37420374,37472683,37478207,37480637,37486466,37490174,37493016,37496117,37505282,37506098,37511910,	37420384,37472880,37478300,37480826,37486614,37490461,37493163,37496258,37505589,37506223,37512531,	0		cmpl	cmpl	0,1,0,0,0,1,0,0,0,1,0,
13	CCDS42927.1	chr21	-	37625158	37840682	37625158	37840682	3	37625158,37714210,37840657,	37625484,37715131,37840682,	0		cmpl	cmpl	1,1,0,
875	CCDS33554.1	chr21	-	38054646	38121255	38054646	38121255	3	38054646,38120306,38121127,	38054773,38120408,38121255,	0		cmpl	cmpl	2,2,0,
877	CCDS13656.1	chr21	+	38299261	38300389	38299261	38300389	1	38299261,	38300389,	0		cmpl	cmpl	0,
109	CCDS58789.1	chr21	-	38383402	38423521	38383402	38423521	7	38383402,38390994,38391658,38392375,38402556,38403505,38423409,	38383923,38391042,38391715,38392444,38402637,38403709,38423521,	0		cmpl	cmpl	1,1,1,1,1,1,0,
109	CCDS46649.1	chr21	-	38383402	38423521	38383402	38423521	8	38383402,38390994,38391658,38392375,38400573,38402556,38403505,38423409,	38383923,38391042,38391715,38392444,38400645,38402637,38403709,38423521,	0		cmpl	cmpl	1,1,1,1,1,1,1,0,
109	CCDS46648.1	chr21	-	38383402	38575700	38383402	38575700	10	38383402,38390994,38391658,38392375,38400573,38402556,38403505,38423409,38445403,38575661,	38383923,38391042,38391715,38392444,38400645,38402637,38403709,38423561,38445621,38575700,	0		cmpl	cmpl	1,1,1,1,1,1,1,2,0,0,
109	CCDS13658.1	chr21	-	38383402	38498380	38383402	38498380	10	38383402,38390994,38391658,38392375,38400573,38402556,38403505,38423409,38445403,38498362,	38383923,38391042,38391715,38392444,38400645,38402637,38403709,38423561,38445621,38498380,	0		cmpl	cmpl	1,1,1,1,1,1,1,2,0,0,
109	CCDS13657.1	chr21	-	38383402	38575700	38383402	38575700	9	38383402,38390994,38391658,38392375,38402556,38403505,38423409,38445403,38575661,	38383923,38391042,38391715,38392444,38402637,38403709,38423561,38445621,38575700,	0		cmpl	cmpl	1,1,1,1,1,1,2,0,0,
881	CCDS13659.1	chr21	+	38810034	38822889	38810034	38822889	9	38810034,38813002,38814272,38814780,38817007,38818424,38819502,38821585,38822673,	38810106,38813114,38814392,38814981,38817091,38818646,38819766,38821704,38822889,	0		cmpl	cmpl	0,0,1,1,1,1,1,1,0,
883	CCDS13661.1	chr21	-	39175589	39183385	39175589	39183385	6	39175589,39177434,39178448,39180284,39181771,39183251,	39175664,39177571,39178647,39180436,39181878,39183385,	0		cmpl	cmpl	0,1,0,1,2,0,
883	CCDS13660.1	chr21	-	39175589	39183385	39175589	39183385	7	39175589,39177434,39178448,39179923,39180284,39181771,39183251,	39175664,39177571,39178647,39179986,39180436,39181878,39183385,	0		cmpl	cmpl	0,1,0,0,1,2,0,
110	CCDS13662.1	chr21	-	39187025	39313491	39187025	39313491	42	39187025,39196497,39198762,39200218,39202324,39206107,39209994,39210785,39212665,39213480,39215236,39218151,39218504,39224407,39225085,39228499,39229311,39232176,39232372,39236594,39238478,39247700,39250795,39255644,39258486,39264459,39264890,39269898,39270282,39274373,39276172,39277250,39278742,39280147,39293810,39295742,39296264,39298431,39312840,39313071,39313240,39313442,	39187417,39197415,39199662,39200386,39202545,39206274,39210147,39210929,39212707,39213553,39215362,39218272,39218660,39224469,39225197,39228582,39229436,39232284,39232498,39236784,39238573,39247832,39250889,39255828,39258672,39264685,39265019,39270033,39270433,39274472,39276213,39277351,39278813,39280248,39294032,39295903,39296363,39298582,39312900,39313101,39313299,39313491,	0		cmpl	cmpl	1,1,1,1,2,0,0,0,0,2,2,1,1,2,1,2,0,0,0,2,0,0,2,1,1,0,0,0,2,2,0,1,2,0,0,1,1,0,0,0,1,0,
884	CCDS13663.1	chr21	-	39196258	39313491	39196258	39313491	41	39196258,39198762,39200218,39202324,39206107,39209994,39210785,39212665,39213480,39215236,39218151,39218504,39224407,39225085,39228499,39229311,39232176,39232372,39236594,39238478,39247700,39250795,39255644,39258486,39264459,39264890,39269898,39270282,39274373,39276172,39277250,39278742,39280147,39293810,39295742,39296264,39298431,39312840,39313071,39313240,39313442,	39197415,39199662,39200386,39202545,39206274,39210147,39210929,39212707,39213553,39215362,39218272,39218660,39224469,39225197,39228582,39229436,39232284,39232498,39236784,39238573,39247832,39250889,39255828,39258672,39264685,39265019,39270033,39270433,39274472,39276213,39277351,39278813,39280248,39294032,39295903,39296363,39298582,39312900,39313101,39313299,39313491,	0		cmpl	cmpl	1,1,1,2,0,0,0,0,2,2,1,1,2,1,2,0,0,0,2,0,0,2,1,1,0,0,0,2,2,0,1,2,0,0,1,1,0,0,0,1,0,
884	CCDS33557.1	chr21	-	39298417	39313491	39298417	39313491	5	39298417,39312840,39313071,39313240,39313442,	39298582,39312900,39313101,39313299,39313491,	0		cmpl	cmpl	0,0,0,1,0,
885	CCDS33559.1	chr21	-	39343111	39348917	39343111	39348917	6	39343111,39345145,39348291,39348421,39348544,39348902,	39343159,39345274,39348339,39348451,39348577,39348917,	0		cmpl	cmpl	0,0,0,0,0,0,
885	CCDS13664.1	chr21	+	39380384	39396939	39380384	39396939	5	39380384,39390697,39391768,39393165,39396865,	39380486,39390863,39391836,39393280,39396939,	0		cmpl	cmpl	0,0,1,0,1,
885	CCDS54485.1	chr21	+	39390697	39396939	39390697	39396939	4	39390697,39391768,39393165,39396865,	39390863,39391836,39393280,39396939,	0		cmpl	cmpl	0,1,0,1,
885	CCDS13665.1	chr21	-	39405881	39428493	39405881	39428493	7	39405881,39409978,39410263,39411717,39420705,39422975,39428171,	39406612,39410096,39410367,39411802,39420843,39423490,39428493,	0		cmpl	cmpl	1,0,1,0,0,1,0,
110	CCDS13666.1	chr21	+	39451907	39511775	39451907	39511775	6	39451907,39462374,39475134,39499822,39508997,39511679,	39452141,39462560,39475215,39499915,39509027,39511775,	0		cmpl	cmpl	0,0,0,0,0,0,
886	CCDS33560.1	chr21	+	39462473	39511775	39462473	39511775	5	39462473,39475134,39499822,39508997,39511679,	39462560,39475215,39499915,39509027,39511775,	0		cmpl	cmpl	0,0,0,0,0,
887	CCDS74795.1	chr21	+	39657881	39661492	39657881	39661492	2	39657881,39660559,	39657893,39661492,	0		cmpl	cmpl	0,0,
887	CCDS13667.1	chr21	+	39660559	39661492	39660559	39661492	1	39660559,	39661492,	0		cmpl	cmpl	0,
888	CCDS33562.1	chr21	+	39745509	39801357	39745509	39801357	9	39745509,39746215,39765534,39770915,39779089,39788166,39792007,39793533,39801261,	39745526,39746298,39765852,39771215,39779305,39788188,39792099,39793613,39801357,	0		cmpl	cmpl	0,2,1,1,1,1,2,1,0,
889	CCDS33563.1	chr21	+	39867501	39929111	39867501	39929111	3	39867501,39898475,39928983,	39867510,39898527,39929111,	0		cmpl	cmpl	0,0,1,
111	CCDS42929.1	chr21	-	40013033	40846661	40013033	40846661	33	40013033,40042370,40044077,40051957,40055724,40062868,40075036,40078686,40080151,40083907,40085601,40087169,40093720,40124194,40133853,40142557,40144490,40167217,40178926,40187130,40187890,40189041,40276096,40296054,40312080,40338100,40339118,40347669,40353464,40369098,40692809,40708453,40846618,	40013386,40042673,40044275,40052107,40055840,40062899,40075213,40078977,40080340,40084006,40085765,40087287,40093874,40124328,40134009,40142704,40144731,40167288,40179094,40187259,40187987,40189238,40276270,40296174,40312359,40338376,40339415,40347945,40353743,40369245,40692956,40708771,40846661,	0		cmpl	cmpl	1,1,1,1,2,1,1,1,1,1,2,1,0,1,1,1,0,1,1,1,0,1,1,1,1,1,1,1,1,1,1,1,0,
899	CCDS13670.1	chr21	+	41168263	41275427	41168263	41275427	8	41168263,41226265,41237512,41241818,41243375,41245961,41250751,41275370,	41168575,41226354,41237729,41241947,41243510,41246063,41250901,41275427,	0		cmpl	cmpl	0,0,2,0,0,0,0,0,
899	CCDS13669.1	chr21	+	41168263	41275624	41168263	41275624	8	41168263,41226265,41237512,41241818,41243375,41245961,41257157,41275370,	41168575,41226354,41237729,41241947,41243510,41246063,41257326,41275624,	0		cmpl	cmpl	0,0,2,0,0,0,0,1,
899	CCDS13668.1	chr21	+	41168263	41275624	41168263	41275624	9	41168263,41226265,41237512,41241818,41243375,41245961,41250751,41257157,41275370,	41168575,41226354,41237729,41241947,41243510,41246063,41250901,41257326,41275624,	0		cmpl	cmpl	0,0,2,0,0,0,0,0,1,
900	CCDS42930.1	chr21	+	41316879	41357197	41316879	41357197	7	41316879,41338377,41344475,41345685,41347012,41348591,41357107,	41316898,41338501,41344534,41345736,41347100,41348724,41357197,	0		cmpl	cmpl	0,1,2,1,1,2,0,
900	CCDS13671.1	chr21	+	41316879	41357197	41316879	41357197	8	41316879,41322922,41338377,41344475,41345685,41347012,41348591,41357107,	41316898,41323066,41338501,41344534,41345736,41347100,41348724,41357197,	0		cmpl	cmpl	0,1,1,2,1,1,2,0,
900	CCDS13672.1	chr21	+	41376906	41408233	41376906	41408233	13	41376906,41377788,41380016,41382409,41390564,41395586,41397612,41398896,41399195,41401969,41403266,41406743,41407990,	41377155,41377981,41380151,41382564,41390703,41395785,41397691,41399019,41399337,41402128,41403343,41406998,41408233,	0		cmpl	cmpl	0,0,1,1,0,1,2,0,0,1,1,0,0,
901	CCDS74796.1	chr21	+	41432070	41458781	41432070	41458781	10	41432070,41435836,41437014,41439693,41440886,41441715,41443787,41445447,41445999,41458527,	41432175,41436029,41437152,41439848,41441025,41441914,41443866,41445570,41446141,41458781,	0		cmpl	cmpl	0,0,1,1,0,1,2,0,0,1,
901	CCDS13673.1	chr21	+	41432070	41458758	41432070	41458758	13	41432070,41435836,41437014,41439693,41440886,41441715,41443787,41445447,41445999,41449136,41451166,41452620,41458527,	41432175,41436029,41437152,41439848,41441025,41441914,41443866,41445570,41446141,41449295,41451243,41452869,41458758,	0		cmpl	cmpl	0,0,1,1,0,1,2,0,0,1,1,0,0,
901	CCDS54486.1	chr21	-	41466141	41508004	41466141	41508004	14	41466141,41467733,41468395,41470647,41471805,41473324,41476576,41479171,41480475,41488393,41489506,41494355,41498118,41507949,	41466153,41467886,41468538,41470743,41471981,41473496,41476620,41479282,41480602,41488513,41489593,41494578,41498189,41508004,	0		cmpl	cmpl	0,0,1,1,2,1,2,2,1,1,1,0,1,0,
901	CCDS33564.1	chr21	-	41466141	41498133	41466141	41498133	13	41466141,41467733,41468395,41470647,41471805,41473324,41476576,41479171,41480475,41488393,41489506,41494355,41498118,	41466153,41467886,41468538,41470743,41471981,41473496,41476620,41479282,41480602,41488513,41489593,41494578,41498133,	0		cmpl	cmpl	0,0,1,1,2,1,2,2,1,1,1,0,0,
903	CCDS13675.1	chr21	-	41740837	41767041	41740837	41767041	8	41740837,41743881,41745758,41746612,41749153,41751096,41756524,41766859,	41741997,41744140,41745862,41746771,41749203,41751245,41756816,41767041,	0		cmpl	cmpl	1,0,1,1,2,0,2,0,
112	CCDS63370.1	chr21	-	41801239	41879371	41801239	41879371	25	41801239,41802711,41804533,41810153,41810752,41815704,41819581,41820094,41821066,41821902,41823317,41825959,41828165,41834504,41835436,41836112,41836467,41837933,41839622,41847089,41854565,41857175,41859591,41860326,41879269,	41801722,41802921,41804614,41810329,41810836,41815836,41819701,41820174,41821230,41822037,41823449,41826054,41828333,41834564,41835524,41836207,41836649,41838063,41839853,41847191,41854818,41857329,41859685,41860372,41879371,	0		cmpl	cmpl	0,0,0,1,1,1,1,2,0,0,0,1,1,1,0,1,2,1,1,1,0,2,1,0,0,
112	CCDS42932.1	chr21	-	41801239	41879371	41801239	41879371	24	41801239,41802711,41804533,41810153,41810752,41815704,41819581,41820094,41821066,41821902,41823317,41825959,41828165,41835436,41836112,41836467,41837933,41839622,41847089,41854565,41857175,41859591,41860326,41879269,	41801722,41802921,41804614,41810329,41810836,41815836,41819701,41820174,41821230,41822037,41823449,41826054,41828333,41835524,41836207,41836649,41838063,41839853,41847191,41854818,41857329,41859685,41860372,41879371,	0		cmpl	cmpl	0,0,0,1,1,1,1,2,0,0,0,1,1,0,1,2,1,1,1,0,2,1,0,0,
112	CCDS13676.1	chr21	-	41801239	41879371	41801239	41879371	31	41801239,41802711,41804533,41810153,41810752,41815704,41819581,41820094,41821066,41821902,41823317,41825959,41828165,41835436,41836112,41836467,41837933,41839622,41847089,41854565,41857175,41859030,41859591,41860326,41861562,41861924,41867299,41871493,41878694,41878995,41879269,	41801722,41802921,41804614,41810329,41810836,41815836,41819701,41820174,41821230,41822037,41823449,41826054,41828333,41835524,41836207,41836649,41838063,41839853,41847191,41854818,41857329,41859228,41859685,41860372,41861751,41862007,41867377,41871621,41878860,41879140,41879371,	0		cmpl	cmpl	0,0,0,1,1,1,1,2,0,0,0,1,1,0,1,2,1,1,1,0,2,2,1,0,0,1,1,2,1,0,0,
1	CCDS42933.1	chr21	-	41889123	41953648	41889123	41953648	14	41889123,41899052,41901621,41905723,41906991,41907659,41909458,41912331,41914597,41918104,41918855,41921971,41942146,41953369,	41889344,41899362,41901749,41905837,41907166,41907784,41909523,41912440,41914721,41918227,41918960,41922085,41942245,41953648,	0		cmpl	cmpl	1,0,1,1,0,1,2,1,0,0,0,0,0,0,
904	CCDS13677.1	chr21	-	41889123	41921998	41889123	41921998	12	41889123,41899052,41901621,41905723,41906991,41907659,41909458,41912331,41914597,41918104,41918855,41921971,	41889344,41899362,41901749,41905837,41907166,41907784,41909523,41912440,41914721,41918227,41918960,41921998,	0		cmpl	cmpl	1,0,1,1,0,1,2,1,0,0,0,0,
905	CCDS42934.1	chr21	-	41990894	41994095	41990894	41994095	2	41990894,41992492,	41991889,41994095,	0		cmpl	cmpl	1,0,
905	CCDS13678.1	chr21	-	41990894	41994095	41990894	41994095	1	41990894,	41994095,	0		cmpl	cmpl	0,
113	CCDS42936.1	chr21	+	42071316	42137620	42071316	42137620	22	42071316,42076004,42084083,42085290,42088293,42090297,42098925,42102165,42103867,42109561,42110879,42111505,42113572,42115872,42119110,42121086,42122830,42126344,42127005,42127671,42129712,42137438,	42071392,42076247,42084245,42085412,42088480,42090438,42099180,42102278,42104087,42109699,42111121,42111710,42113830,42115985,42119324,42121224,42123150,42126490,42127242,42127831,42129797,42137620,	0		cmpl	cmpl	0,1,1,1,0,1,1,1,0,1,1,0,1,1,0,1,1,0,2,2,0,1,
113	CCDS42935.1	chr21	+	42071316	42137620	42071316	42137620	21	42071316,42076004,42084083,42085290,42088293,42090297,42098925,42102165,42103867,42109561,42110879,42113572,42115872,42119110,42121086,42122830,42126344,42127005,42127671,42129712,42137438,	42071392,42076247,42084245,42085412,42088480,42090438,42099180,42102278,42104087,42109699,42111710,42113830,42115985,42119324,42121224,42123150,42126490,42127242,42127831,42129797,42137620,	0		cmpl	cmpl	0,1,1,1,0,1,1,1,0,1,1,1,1,0,1,1,0,2,2,0,1,
906	CCDS56215.1	chr21	+	42076144	42137620	42076144	42137620	20	42076144,42084083,42085290,42088293,42090297,42098925,42102165,42103867,42109561,42110879,42113572,42115872,42119110,42121086,42122830,42126344,42127005,42127671,42129712,42137438,	42076247,42084245,42085412,42088480,42090438,42099180,42102278,42104087,42109699,42111710,42113830,42115985,42119324,42121224,42123150,42126490,42127242,42127831,42129797,42137620,	0		cmpl	cmpl	0,1,1,0,1,1,1,0,1,1,1,1,0,1,1,0,2,2,0,1,
906	CCDS56214.1	chr21	+	42076144	42137620	42076144	42137620	21	42076144,42084083,42085290,42088293,42090297,42098925,42102165,42103867,42109561,42110879,42111505,42113572,42115872,42119110,42121086,42122830,42126344,42127005,42127671,42129712,42137438,	42076247,42084245,42085412,42088480,42090438,42099180,42102278,42104087,42109699,42111121,42111710,42113830,42115985,42119324,42121224,42123150,42126490,42127242,42127831,42129797,42137620,	0		cmpl	cmpl	0,1,1,0,1,1,1,0,1,1,0,1,1,0,1,1,0,2,2,0,1,
113	CCDS42937.1	chr21	+	42201675	42296392	42201675	42296392	15	42201675,42225670,42271069,42273302,42276894,42282273,42284559,42285879,42287888,42288210,42290049,42291091,42291497,42294541,42296163,	42201723,42225914,42271187,42273435,42276945,42282419,42284683,42285994,42288037,42288312,42290218,42291192,42291656,42294660,42296392,	0		cmpl	cmpl	0,0,1,2,0,0,2,0,1,0,0,1,0,0,2,
907	CCDS13681.1	chr21	+	42216155	42296392	42216155	42296392	15	42216155,42225670,42271069,42273302,42276894,42282273,42284559,42285879,42287888,42288210,42290049,42291091,42291497,42294541,42296163,	42216188,42225914,42271187,42273435,42276945,42282419,42284683,42285994,42288037,42288312,42290218,42291192,42291656,42294660,42296392,	0		cmpl	cmpl	0,0,1,2,0,0,2,0,1,0,0,1,0,0,2,
907	CCDS42938.1	chr21	+	42219262	42296392	42219262	42296392	15	42219262,42225670,42271069,42273302,42276894,42282273,42284559,42285879,42287888,42288210,42290049,42291091,42291497,42294541,42296163,	42219304,42225914,42271187,42273435,42276945,42282419,42284683,42285994,42288037,42288312,42290218,42291192,42291656,42294660,42296392,	0		cmpl	cmpl	0,0,1,2,0,0,2,0,1,0,0,1,0,0,2,
907	CCDS13682.1	chr21	+	42219262	42296392	42219262	42296392	15	42219262,42225670,42271069,42273302,42276894,42282273,42284559,42285879,42287888,42288210,42290049,42291091,42291497,42294541,42296163,	42219304,42225914,42271187,42273435,42276945,42282419,42284683,42285994,42288073,42288312,42290218,42291192,42291656,42294660,42296392,	0		cmpl	cmpl	0,0,1,2,0,0,2,0,1,0,0,1,0,0,2,
907	CCDS13683.1	chr21	+	42219971	42296392	42219971	42296392	15	42219971,42225670,42271069,42273302,42276894,42282273,42284559,42285879,42287888,42288210,42290049,42291091,42291497,42294541,42296163,	42220046,42225914,42271187,42273435,42276945,42282419,42284683,42285994,42288037,42288312,42290218,42291192,42291656,42294660,42296392,	0		cmpl	cmpl	0,0,1,2,0,0,2,0,1,0,0,1,0,0,2,
907	CCDS33565.2	chr21	-	42312255	42315416	42312255	42315416	3	42312255,42313484,42315292,	42312269,42313631,42315416,	0		cmpl	cmpl	1,1,0,
908	CCDS13684.1	chr21	-	42346532	42350957	42346532	42350957	4	42346532,42347485,42349880,42350878,	42346546,42347632,42350030,42350957,	0		cmpl	cmpl	1,1,1,0,
908	CCDS13685.1	chr21	-	42362478	42366495	42362478	42366495	3	42362478,42363254,42366410,	42362495,42363407,42366495,	0		cmpl	cmpl	1,1,0,
908	CCDS58790.1	chr21	-	42372761	42395417	42372761	42395417	12	42372761,42375715,42376540,42380116,42382064,42383032,42383969,42385408,42388402,42388928,42389926,42395323,	42372779,42375868,42376683,42380212,42382234,42383198,42384013,42385534,42388526,42389045,42390037,42395417,	0		cmpl	cmpl	0,0,1,1,2,1,2,2,1,1,1,0,
908	CCDS13686.1	chr21	-	42372761	42395417	42372761	42395417	12	42372761,42375715,42376540,42380116,42382064,42383032,42383969,42385408,42388402,42388928,42389926,42395323,	42372779,42375868,42376686,42380212,42382234,42383198,42384013,42385534,42388526,42389045,42390037,42395417,	0		cmpl	cmpl	0,0,1,1,2,1,2,2,1,1,1,0,
908	CCDS42939.1	chr21	-	42381981	42395417	42381981	42395417	8	42381981,42383032,42383969,42385408,42388402,42388928,42389926,42395323,	42382234,42383198,42384013,42385534,42388526,42389045,42390037,42395417,	0		cmpl	cmpl	2,1,2,2,1,1,1,0,
908	CCDS58791.1	chr21	+	42403945	42447120	42403945	42447120	12	42403945,42406307,42409421,42413023,42416441,42418400,42426696,42432102,42434831,42437487,42442451,42447056,	42404058,42406361,42409608,42413222,42416611,42418609,42426820,42432202,42434954,42437580,42442596,42447120,	0		cmpl	cmpl	0,2,2,0,1,0,2,0,1,1,1,2,
908	CCDS33566.1	chr21	+	42403945	42447194	42403945	42447194	14	42403945,42406307,42409421,42413023,42416441,42418400,42426696,42432102,42434831,42437487,42442451,42443311,42444533,42447056,	42404058,42406361,42409608,42413222,42416611,42418609,42426820,42432202,42434954,42437580,42442596,42443418,42444643,42447194,	0		cmpl	cmpl	0,2,2,0,1,0,2,0,1,1,1,2,1,0,
908	CCDS13687.1	chr21	+	42403945	42447194	42403945	42447194	15	42403945,42406307,42409421,42413023,42413409,42416441,42418400,42426696,42432102,42434831,42437487,42442451,42443311,42444533,42447056,	42404058,42406361,42409608,42413222,42413523,42416611,42418609,42426820,42432202,42434954,42437580,42442596,42443418,42444643,42447194,	0		cmpl	cmpl	0,2,2,0,1,1,0,2,0,1,1,1,2,1,0,
909	CCDS68210.1	chr21	-	42472817	42496186	42472817	42496186	8	42472817,42475897,42477290,42482636,42485668,42486370,42492757,42496132,	42472870,42476047,42477444,42482708,42485804,42486461,42492863,42496186,	0		cmpl	cmpl	1,1,0,0,2,1,0,0,
909	CCDS13688.1	chr21	-	42472817	42496186	42472817	42496186	9	42472817,42475897,42477290,42482636,42485668,42486370,42492757,42492965,42496132,	42472870,42476047,42477444,42482708,42485804,42486461,42492863,42493079,42496186,	0		cmpl	cmpl	1,1,0,0,2,1,0,0,0,
909	CCDS13689.1	chr21	+	42518454	42580360	42518454	42580360	19	42518454,42525775,42534697,42535471,42539511,42542403,42543435,42547102,42554061,42558957,42562077,42563814,42564707,42565826,42566984,42568359,42574817,42579735,42580344,	42518510,42525857,42534830,42535550,42539647,42542480,42543602,42547140,42554142,42559089,42562168,42563877,42564793,42565875,42567058,42568438,42574915,42579800,42580360,	0		cmpl	cmpl	0,2,0,1,2,0,2,1,0,0,0,1,1,0,1,0,1,0,2,
113	CCDS42941.1	chr21	+	42653814	42775293	42653814	42775293	18	42653814,42686191,42698967,42732069,42733355,42743775,42751115,42753989,42758998,42760327,42760824,42762082,42765380,42768187,42769026,42770702,42772438,42775279,	42653883,42686262,42699011,42732124,42733426,42743860,42751197,42754064,42759085,42760432,42760907,42762239,42765494,42768292,42769155,42770798,42772520,42775293,	0		cmpl	cmpl	0,0,2,1,2,1,2,0,0,0,0,2,0,0,0,0,0,1,
113	CCDS33571.1	chr21	+	42653814	42775293	42653814	42775293	16	42653814,42698967,42733355,42743775,42751115,42753989,42758998,42760327,42760824,42762082,42765380,42768187,42769026,42770702,42772438,42775279,	42653883,42699011,42733426,42743860,42751197,42754064,42759085,42760432,42760907,42762239,42765494,42768292,42769155,42770798,42772520,42775293,	0		cmpl	cmpl	0,0,2,1,2,0,0,0,0,2,0,0,0,0,0,1,
113	CCDS33570.1	chr21	+	42653814	42775293	42653814	42775293	17	42653814,42687916,42698967,42733355,42743775,42751115,42753989,42758998,42760327,42760824,42762082,42765380,42768187,42769026,42770702,42772438,42775279,	42653883,42687994,42699011,42733426,42743860,42751197,42754064,42759085,42760432,42760907,42762239,42765494,42768292,42769155,42770798,42772520,42775293,	0		cmpl	cmpl	0,0,0,2,1,2,0,0,0,0,2,0,0,0,0,0,1,
113	CCDS33569.1	chr21	+	42653814	42775293	42653814	42775293	19	42653814,42686191,42698967,42731769,42732069,42733355,42743775,42751115,42753989,42758998,42760327,42760824,42762082,42765380,42768187,42769026,42770702,42772438,42775279,	42653883,42686262,42699011,42731949,42732124,42733426,42743860,42751197,42754064,42759085,42760432,42760907,42762239,42765494,42768292,42769155,42770798,42772520,42775293,	0		cmpl	cmpl	0,0,2,1,1,2,1,2,0,0,0,0,2,0,0,0,0,0,1,
113	CCDS33568.1	chr21	+	42653814	42775293	42653814	42775293	19	42653814,42686191,42687916,42698967,42732069,42733355,42743775,42751115,42753989,42758998,42760327,42760824,42762082,42765380,42768187,42769026,42770702,42772438,42775279,	42653883,42686262,42687994,42699011,42732124,42733426,42743860,42751197,42754064,42759085,42760432,42760907,42762239,42765494,42768292,42769155,42770798,42772520,42775293,	0		cmpl	cmpl	0,0,2,2,1,2,1,2,0,0,0,0,2,0,0,0,0,0,1,
113	CCDS33567.1	chr21	+	42653814	42775293	42653814	42775293	19	42653814,42686191,42687916,42697414,42698967,42733355,42743775,42751115,42753989,42758998,42760327,42760824,42762082,42765380,42768187,42769026,42770702,42772438,42775279,	42653883,42686262,42687994,42697490,42699011,42733426,42743860,42751197,42754064,42759085,42760432,42760907,42762239,42765494,42768292,42769155,42770798,42772520,42775293,	0		cmpl	cmpl	0,0,2,2,0,2,1,2,0,0,0,0,2,0,0,0,0,0,1,
113	CCDS13690.1	chr21	+	42653814	42775293	42653814	42775293	20	42653814,42686191,42687916,42698967,42731769,42732069,42733355,42743775,42751115,42753989,42758998,42760327,42760824,42762082,42765380,42768187,42769026,42770702,42772438,42775279,	42653883,42686262,42687994,42699011,42731949,42732124,42733426,42743860,42751197,42754064,42759085,42760432,42760907,42762239,42765494,42768292,42769155,42770798,42772520,42775293,	0		cmpl	cmpl	0,0,2,2,1,1,2,1,2,0,0,0,0,2,0,0,0,0,0,1,
113	CCDS42947.1	chr21	+	42653866	42775293	42653866	42775293	15	42653866,42733355,42743775,42751115,42753989,42758998,42760327,42760824,42762082,42765380,42768187,42769026,42770702,42772438,42775279,	42653883,42733426,42743860,42751197,42754064,42759085,42760432,42760907,42762239,42765494,42768292,42769155,42770798,42772520,42775293,	0		cmpl	cmpl	0,2,1,2,0,0,0,0,2,0,0,0,0,0,1,
113	CCDS42946.1	chr21	+	42653866	42775293	42653866	42775293	17	42653866,42698967,42732069,42733355,42743775,42751115,42753989,42758998,42760327,42760824,42762082,42765380,42768187,42769026,42770702,42772438,42775279,	42653883,42699011,42732124,42733426,42743860,42751197,42754064,42759085,42760432,42760907,42762239,42765494,42768292,42769155,42770798,42772520,42775293,	0		cmpl	cmpl	0,2,1,2,1,2,0,0,0,0,2,0,0,0,0,0,1,
113	CCDS42945.1	chr21	+	42653866	42775293	42653866	42775293	18	42653866,42698967,42731769,42732069,42733355,42743775,42751115,42753989,42758998,42760327,42760824,42762082,42765380,42768187,42769026,42770702,42772438,42775279,	42653883,42699011,42731949,42732124,42733426,42743860,42751197,42754064,42759085,42760432,42760907,42762239,42765494,42768292,42769155,42770798,42772520,42775293,	0		cmpl	cmpl	0,2,1,1,2,1,2,0,0,0,0,2,0,0,0,0,0,1,
113	CCDS42944.1	chr21	+	42653866	42775293	42653866	42775293	16	42653866,42687916,42733355,42743775,42751115,42753989,42758998,42760327,42760824,42762082,42765380,42768187,42769026,42770702,42772438,42775279,	42653883,42687994,42733426,42743860,42751197,42754064,42759085,42760432,42760907,42762239,42765494,42768292,42769155,42770798,42772520,42775293,	0		cmpl	cmpl	0,2,2,1,2,0,0,0,0,2,0,0,0,0,0,1,
113	CCDS42943.1	chr21	+	42653866	42775293	42653866	42775293	18	42653866,42687916,42698967,42732069,42733355,42743775,42751115,42753989,42758998,42760327,42760824,42762082,42765380,42768187,42769026,42770702,42772438,42775279,	42653883,42687994,42699011,42732124,42733426,42743860,42751197,42754064,42759085,42760432,42760907,42762239,42765494,42768292,42769155,42770798,42772520,42775293,	0		cmpl	cmpl	0,2,2,1,2,1,2,0,0,0,0,2,0,0,0,0,0,1,
113	CCDS42942.1	chr21	+	42653866	42775293	42653866	42775293	19	42653866,42687916,42698967,42731769,42732069,42733355,42743775,42751115,42753989,42758998,42760327,42760824,42762082,42765380,42768187,42769026,42770702,42772438,42775279,	42653883,42687994,42699011,42731949,42732124,42733426,42743860,42751197,42754064,42759085,42760432,42760907,42762239,42765494,42768292,42769155,42770798,42772520,42775293,	0		cmpl	cmpl	0,2,2,1,1,2,1,2,0,0,0,0,2,0,0,0,0,0,1,
113	CCDS13691.1	chr21	-	42850048	42879495	42850048	42879495	11	42850048,42852254,42853568,42854561,42855681,42859661,42862281,42863439,42873550,42876701,42879406,	42850242,42852324,42853752,42854626,42855780,42859722,42862394,42863596,42873691,42876767,42879495,	0		cmpl	cmpl	1,0,2,0,0,2,0,2,2,2,0,
912	CCDS33573.1	chr21	+	42893333	42909021	42893333	42909021	3	42893333,42896926,42908863,	42893381,42897047,42909021,	0		cmpl	cmpl	0,0,1,
912	CCDS33572.1	chr21	+	42893333	42909021	42893333	42909021	4	42893333,42896926,42903181,42908863,	42893381,42897047,42904276,42909021,	0		cmpl	cmpl	0,0,1,1,
913	CCDS13692.1	chr21	+	43004381	43030101	43004381	43030101	10	43004381,43007490,43010052,43013067,43016907,43018132,43021302,43024870,43028701,43029889,	43004432,43007618,43010224,43013238,43017007,43018230,43021431,43024947,43028874,43030101,	0		cmpl	cmpl	0,0,2,0,0,1,0,0,2,1,
913	CCDS68211.1	chr21	+	43013067	43030101	43013067	43030101	7	43013067,43016907,43018132,43021302,43024870,43028701,43029889,	43013238,43017007,43018230,43021431,43024947,43028874,43030101,	0		cmpl	cmpl	0,0,1,0,0,2,1,
913	CCDS13693.1	chr21	-	43053879	43072193	43053879	43072193	15	43053879,43056802,43058144,43058833,43059225,43060440,43062310,43062952,43063899,43065202,43065386,43065615,43066242,43068508,43071984,	43053983,43056887,43058253,43058968,43059303,43060546,43062395,43063078,43063991,43065272,43065521,43065695,43066377,43068615,43072193,	0		cmpl	cmpl	1,0,2,2,2,1,0,0,1,0,0,1,1,2,0,
913	CCDS42948.1	chr21	-	43093101	43095723	43093101	43095723	5	43093101,43094470,43094654,43095437,43095693,	43093249,43094563,43094788,43095536,43095723,	0		cmpl	cmpl	2,2,0,0,0,
913	CCDS33574.1	chr21	-	43093101	43107494	43093101	43107494	8	43093101,43094470,43094654,43095437,43095693,43101365,43104314,43107450,	43093249,43094563,43094788,43095536,43095743,43101432,43104402,43107494,	0		cmpl	cmpl	2,2,0,0,1,0,2,0,
913	CCDS13694.1	chr21	-	43093101	43107494	43093101	43107494	8	43093101,43094470,43094654,43095437,43095693,43100452,43104314,43107450,	43093249,43094563,43094788,43095536,43095743,43100519,43104402,43107494,	0		cmpl	cmpl	2,2,0,0,1,0,2,0,
914	CCDS13695.1	chr21	+	43169099	43172280	43169099	43172280	3	43169099,43170516,43172070,	43169288,43170639,43172280,	0		cmpl	cmpl	0,0,0,
916	CCDS33575.1	chr21	-	43416741	43426178	43416741	43426178	13	43416741,43417542,43418259,43419020,43419352,43419858,43420233,43421009,43421242,43421637,43421973,43425406,43426022,	43417117,43417774,43418541,43419237,43419478,43420005,43420457,43421133,43421367,43421799,43422037,43425523,43426178,	0		cmpl	cmpl	2,1,1,0,0,0,1,0,1,1,0,0,0,
114	CCDS13697.1	chr21	-	43529753	43658096	43529753	43658096	8	43529753,43592224,43613829,43630321,43633271,43644288,43656586,43658060,	43529962,43592328,43613947,43630454,43633421,43644392,43656737,43658096,	0		cmpl	cmpl	1,2,1,0,0,1,0,0,
918	CCDS33577.1	chr21	+	43659664	43693383	43659664	43693383	16	43659664,43669883,43672307,43673869,43674635,43675033,43676271,43676732,43683278,43684552,43685769,43686803,43687515,43690287,43691438,43693189,	43659794,43669966,43672365,43673955,43674697,43675163,43676336,43676914,43683373,43684650,43685789,43686935,43688240,43690440,43691502,43693383,	0		cmpl	cmpl	0,1,0,1,0,2,0,2,1,0,2,1,1,0,0,1,
918	CCDS13699.1	chr21	+	43719294	43756063	43719294	43756063	11	43719294,43734068,43741666,43743723,43746078,43748994,43750499,43752517,43753582,43755697,43755950,	43719381,43734123,43741771,43743807,43746125,43749080,43750545,43752629,43753719,43755764,43756063,	0		cmpl	cmpl	0,0,1,1,1,0,2,0,1,0,1,
918	CCDS13701.1	chr21	-	43774201	43776269	43774201	43776269	3	43774201,43774657,43776203,	43774330,43774759,43776269,	0		cmpl	cmpl	0,0,0,
919	CCDS42951.1	chr21	+	43789629	43803774	43789629	43803774	13	43789629,43791349,43792671,43793318,43795188,43797421,43797630,43797906,43799569,43800516,43800861,43802273,43803511,	43789762,43791432,43792729,43793404,43795250,43797551,43797695,43798100,43799649,43800614,43800881,43802387,43803774,	0		cmpl	cmpl	0,1,0,1,0,2,0,2,1,0,2,1,1,
920	CCDS13703.1	chr21	+	43959681	43982392	43959681	43982392	8	43959681,43967945,43969117,43970652,43971387,43978045,43980988,43982303,	43959859,43968115,43969279,43970806,43971490,43978121,43981187,43982392,	0		cmpl	cmpl	0,1,0,0,1,2,0,1,
14	CCDS13704.1	chr21	+	44012493	44103531	44012493	44103531	23	44012493,44032090,44037791,44052279,44055697,44059102,44063537,44074323,44075038,44076551,44077692,44079563,44080014,44082787,44084121,44086801,44087698,44089832,44091922,44094062,44098356,44102777,44103292,	44012560,44032172,44037927,44052476,44055893,44059214,44063785,44074470,44075153,44076628,44077784,44079704,44080127,44083302,44084263,44086960,44087928,44089933,44092049,44094233,44098534,44102972,44103531,	0		cmpl	cmpl	0,1,2,0,2,0,1,0,0,1,0,2,2,1,0,1,1,0,2,0,0,1,1,
921	CCDS33579.1	chr21	+	44107416	44130771	44107416	44130771	21	44107416,44108983,44113752,44114178,44114624,44115263,44115690,44117819,44118762,44119386,44120347,44120630,44120951,44122176,44124579,44126010,44126899,44127931,44128246,44128551,44130596,	44107434,44109096,44113847,44114278,44114768,44115399,44115920,44117963,44118833,44119523,44120496,44120778,44121102,44122357,44124727,44126119,44126965,44128150,44128397,44128626,44130771,	0		cmpl	cmpl	0,0,2,1,2,2,0,2,2,1,0,2,0,1,2,0,1,1,1,2,2,
921	CCDS33581.1	chr21	+	44133697	44144949	44133697	44144949	6	44133697,44134101,44136059,44137176,44143204,44144820,	44133838,44134154,44136173,44137296,44143361,44144949,	0		cmpl	cmpl	0,0,2,2,2,0,
921	CCDS33580.1	chr21	+	44133697	44144949	44133697	44144949	7	44133697,44134101,44136059,44137176,44140249,44143204,44144820,	44133838,44134154,44136173,44137296,44140342,44143361,44144949,	0		cmpl	cmpl	0,0,2,2,2,2,0,
922	CCDS63379.1	chr21	-	44223046	44240817	44223046	44240817	7	44223046,44230053,44231279,44235271,44236866,44238447,44240803,	44223078,44230089,44231444,44235562,44237217,44238488,44240817,	0		cmpl	cmpl	1,1,1,1,1,2,0,
922	CCDS63377.1	chr21	-	44229033	44240817	44229033	44240817	6	44229033,44230053,44231279,44235271,44238447,44240803,	44229044,44230089,44231444,44235562,44238488,44240817,	0		cmpl	cmpl	1,1,1,1,2,0,
922	CCDS42952.1	chr21	-	44229033	44240817	44229033	44240817	7	44229033,44230053,44231279,44235271,44236866,44238447,44240803,	44229044,44230089,44231444,44235562,44237217,44238488,44240817,	0		cmpl	cmpl	1,1,1,1,1,2,0,
922	CCDS13705.1	chr21	-	44246396	44261259	44246396	44261259	11	44246396,44249025,44250809,44251622,44254616,44256066,44258522,44259436,44259631,44260794,44261153,	44246565,44249111,44250949,44251698,44254705,44256154,44258694,44259549,44259711,44260839,44261259,	0		cmpl	cmpl	2,0,1,0,1,0,2,0,1,1,0,
922	CCDS13706.1	chr21	+	44286006	44297727	44286006	44297727	14	44286006,44286556,44286977,44287516,44288344,44289656,44289987,44291094,44292301,44292992,44293788,44294400,44296382,44297655,	44286138,44286731,44287133,44287591,44288458,44289802,44290068,44291210,44292401,44293175,44293910,44294503,44296445,44297727,	0		cmpl	cmpl	0,0,1,1,1,1,0,0,2,0,0,2,0,0,
115	CCDS33582.1	chr21	+	44300105	44326862	44300105	44326862	22	44300105,44306680,44311005,44312104,44312977,44313637,44313912,44316243,44316431,44318469,44319350,44320083,44321728,44322132,44322961,44323765,44324490,44324855,44325152,44325960,44326158,44326714,	44300190,44306754,44311083,44312294,44313143,44313682,44314021,44316339,44316524,44318595,44319415,44320147,44321875,44322203,44323049,44323918,44324655,44324917,44325264,44326060,44326264,44326862,	0		cmpl	cmpl	0,1,0,0,1,2,2,0,0,0,0,2,0,0,2,0,0,0,2,0,1,2,
923	CCDS59445.1	chr21	-	44330197	44339194	44330197	44339194	7	44330197,44330822,44331842,44333032,44335757,44337648,44339117,	44330326,44330916,44332014,44333262,44335804,44337667,44339194,	0		cmpl	cmpl	0,2,1,2,0,2,0,
923	CCDS59444.1	chr21	-	44330197	44339194	44330197	44339194	7	44330197,44330462,44331842,44333032,44335757,44337648,44339117,	44330326,44330916,44332014,44333262,44335804,44337667,44339194,	0		cmpl	cmpl	0,2,1,2,0,2,0,
923	CCDS13709.1	chr21	-	44330197	44339194	44330197	44339194	7	44330197,44330822,44331842,44333032,44335757,44337648,44339117,	44330326,44330919,44332014,44333262,44335804,44337667,44339194,	0		cmpl	cmpl	0,2,1,2,0,2,0,
115	CCDS13710.1	chr21	+	44353700	44441817	44353700	44441817	32	44353700,44354647,44364113,44366753,44369176,44375832,44377711,44378996,44382717,44390903,44391271,44395413,44397746,44399295,44400258,44401680,44405141,44405904,44406593,44413890,44417926,44418422,44423644,44424851,44425669,44426659,44427009,44435130,44437061,44439066,44440788,44441691,	44353865,44354736,44364282,44366934,44369343,44376013,44377773,44379197,44382820,44391025,44391625,44395551,44397876,44399441,44400371,44401897,44405260,44406037,44406765,44414074,44418108,44418555,44423732,44424939,44425827,44426736,44427111,44435217,44437167,44439168,44440905,44441817,	0		cmpl	cmpl	0,0,2,0,1,0,1,0,0,1,0,0,0,1,0,2,0,2,0,1,2,1,2,0,1,0,2,2,2,0,0,0,
924	CCDS13711.1	chr21	+	44456644	44457418	44456644	44457418	1	44456644,	44457418,	0		cmpl	cmpl	0,
115	CCDS74801.1	chr21	-	44499782	44567883	44499782	44567883	11	44499782,44504779,44509198,44521882,44525652,44527291,44528451,44529797,44531042,44533684,44567784,	44499936,44504881,44509386,44522112,44525839,44527518,44528583,44529954,44531133,44533923,44567883,	0		cmpl	cmpl	2,2,0,1,0,1,1,0,2,0,0,
115	CCDS13712.1	chr21	-	44499782	44711514	44499782	44711514	12	44499782,44504779,44509198,44521882,44525652,44527291,44528451,44529797,44531042,44533684,44567784,44711432,	44499936,44504881,44509386,44522112,44525839,44527518,44528583,44529954,44531133,44533923,44568005,44711514,	0		cmpl	cmpl	2,2,0,1,0,1,1,0,2,0,1,0,
924	CCDS42954.1	chr21	-	44539301	44540150	44539301	44540150	1	44539301,	44540150,	0		cmpl	cmpl	0,
924	CCDS42955.1	chr21	-	44550690	44551458	44550690	44551458	1	44550690,	44551458,	0		cmpl	cmpl	0,
924	CCDS42956.1	chr21	-	44558049	44558715	44558049	44558715	1	44558049,	44558715,	0		cmpl	cmpl	0,
925	CCDS42957.1	chr21	+	44573758	44574964	44573758	44574964	1	44573758,	44574964,	0		cmpl	cmpl	0,
925	CCDS42958.1	chr21	-	44579762	44580578	44579762	44580578	1	44579762,	44580578,	0		cmpl	cmpl	0,
925	CCDS42959.1	chr21	-	44591386	44592484	44591386	44592484	1	44591386,	44592484,	0		cmpl	cmpl	0,
925	CCDS74803.1	chr21	+	44600621	44601734	44600621	44601734	1	44600621,	44601734,	0		cmpl	cmpl	0,
925	CCDS13713.1	chr21	+	44612100	44612880	44612100	44612880	1	44612100,	44612880,	0		cmpl	cmpl	0,
925	CCDS42961.1	chr21	+	44627171	44628050	44627171	44628050	1	44627171,	44628050,	0		cmpl	cmpl	0,
925	CCDS33585.1	chr21	+	44637417	44638173	44637417	44638173	1	44637417,	44638173,	0		cmpl	cmpl	0,
925	CCDS42962.1	chr21	+	44646458	44647355	44646458	44647355	1	44646458,	44647355,	0		cmpl	cmpl	0,
925	CCDS42963.1	chr21	-	44654275	44654614	44654275	44654614	1	44654275,	44654614,	0		cmpl	cmpl	0,
925	CCDS42964.1	chr21	+	44657979	44658270	44657979	44658270	1	44657979,	44658270,	0		cmpl	cmpl	0,
925	CCDS42965.1	chr21	-	44666445	44666886	44666445	44666886	1	44666445,	44666886,	0		cmpl	cmpl	0,
925	CCDS42966.1	chr21	-	44681832	44682123	44681832	44682123	1	44681832,	44682123,	0		cmpl	cmpl	0,
926	CCDS42967.1	chr21	+	44697201	44697939	44697201	44697939	1	44697201,	44697939,	0		cmpl	cmpl	0,
926	CCDS33586.1	chr21	-	44771376	44787960	44771376	44787960	4	44771376,44773546,44777298,44787919,	44771489,44773687,44777417,44787960,	0		cmpl	cmpl	1,1,2,0,
926	CCDS13714.1	chr21	-	44771376	44801748	44771376	44801748	6	44771376,44773546,44777298,44787919,44788059,44801705,	44771489,44773687,44777417,44787965,44788095,44801748,	0		cmpl	cmpl	1,1,2,1,1,0,
926	CCDS68220.1	chr21	-	44806950	44817968	44806950	44817968	4	44806950,44809046,44813861,44817947,	44807040,44809118,44814104,44817968,	0		cmpl	cmpl	0,0,0,0,
926	CCDS33587.1	chr21	-	44806950	44817968	44806950	44817968	4	44806950,44809046,44813975,44817947,	44807040,44809118,44814104,44817968,	0		cmpl	cmpl	0,0,0,0,
927	CCDS68221.1	chr21	-	44851366	44873616	44851366	44873616	3	44851366,44865394,44873501,	44851627,44865447,44873616,	0		cmpl	cmpl	0,1,0,
927	CCDS13715.1	chr21	-	44851580	44873616	44851580	44873616	6	44851580,44855209,44856192,44861162,44865394,44873501,	44851627,44855256,44856364,44861271,44865447,44873616,	0		cmpl	cmpl	1,2,1,0,1,0,
927	CCDS13716.1	chr21	-	44886367	44910782	44886367	44910782	15	44886367,44886735,44888692,44889275,44889977,44891808,44893403,44894970,44899066,44900319,44901491,44903364,44906914,44910283,44910724,	44886430,44886902,44888895,44889495,44890222,44891996,44893544,44895060,44899162,44900475,44901733,44903535,44907095,44910372,44910782,	0		cmpl	cmpl	0,1,2,1,2,0,0,0,0,0,1,1,0,1,0,
115	CCDS13718.1	chr21	+	44940057	44976803	44940057	44976803	6	44940057,44943683,44960099,44967033,44973196,44976679,	44940186,44943837,44960168,44967181,44973265,44976803,	0		cmpl	cmpl	0,0,1,1,2,2,
116	CCDS42970.1	chr21	+	45171656	45225555	45171656	45225555	11	45171656,45175729,45180329,45182584,45183361,45184473,45184922,45204554,45220835,45222017,45225546,	45171684,45176664,45180444,45182753,45183510,45184593,45185091,45204736,45221014,45222107,45225555,	0		cmpl	cmpl	0,1,0,1,2,1,1,2,1,0,0,
116	CCDS33590.1	chr21	+	45171656	45222197	45171656	45222197	9	45171656,45175729,45180329,45182584,45183361,45184922,45204554,45220835,45222017,	45171684,45176664,45180444,45182753,45183510,45185091,45204736,45221014,45222197,	0		cmpl	cmpl	0,1,0,1,2,1,2,1,0,
116	CCDS33589.1	chr21	+	45171656	45222197	45171656	45222197	10	45171656,45175729,45180329,45182584,45183361,45184473,45184922,45204554,45220835,45222017,	45171684,45176664,45180444,45182753,45183510,45184593,45185091,45204736,45221014,45222197,	0		cmpl	cmpl	0,1,0,1,2,1,1,2,1,0,
930	CCDS13719.1	chr21	-	45265481	45287871	45265481	45287871	9	45265481,45267589,45269838,45277016,45278102,45282348,45283382,45285677,45287740,	45265635,45267713,45270019,45277142,45278169,45282459,45283527,45285928,45287871,	0		cmpl	cmpl	2,1,0,0,2,2,1,2,0,
930	CCDS13721.1	chr21	-	45267450	45287871	45267450	45287871	8	45267450,45269838,45277016,45278102,45282348,45283382,45285677,45287740,	45267713,45270019,45277142,45278169,45282459,45283527,45285928,45287871,	0		cmpl	cmpl	1,0,0,2,2,1,2,0,
116	CCDS42971.1	chr21	+	45405230	45512398	45405230	45512398	42	45405230,45405378,45468241,45473894,45475475,45476350,45477410,45477749,45478326,45479901,45480069,45480466,45480699,45481962,45482794,45486860,45487446,45488417,45489485,45490274,45490835,45491224,45492534,45492686,45493162,45493500,45494544,45494861,45495357,45496499,45497049,45497598,45504010,45504415,45505133,45505357,45505837,45507560,45509355,45510063,45511110,45512187,	45405241,45405473,45468786,45473981,45475535,45476480,45477487,45477965,45478353,45479964,45480156,45480520,45480858,45482025,45482821,45486992,45487509,45488444,45489521,45490346,45490871,45491314,45492564,45492713,45493225,45493575,45494571,45494915,45495432,45496568,45497092,45497661,45504054,45504556,45505278,45505431,45505966,45507593,45509601,45510261,45511226,45512398,	0		cmpl	cmpl	0,2,1,0,0,0,1,0,0,0,0,0,0,0,0,0,0,0,0,0,0,0,0,0,0,0,0,0,0,0,0,1,1,0,0,1,0,0,0,0,0,2,
116	CCDS42972.1	chr21	+	45455530	45512398	45455530	45512398	41	45455530,45468241,45473894,45475475,45476350,45477410,45477749,45478326,45479901,45480069,45480466,45480699,45481962,45482794,45486860,45487446,45488417,45489485,45490274,45490835,45491224,45492534,45492686,45493162,45493500,45494544,45494861,45495357,45496499,45497049,45497598,45504010,45504415,45505133,45505357,45505837,45507560,45509355,45510063,45511110,45512187,	45456176,45468786,45473981,45475535,45476480,45477487,45477965,45478353,45479964,45480156,45480520,45480858,45482025,45482821,45486992,45487509,45488444,45489521,45490346,45490871,45491314,45492564,45492713,45493225,45493575,45494571,45494915,45495432,45496568,45497092,45497661,45504054,45504556,45505278,45505431,45505966,45507593,45509601,45510261,45511226,45512398,	0		cmpl	cmpl	0,1,0,0,0,1,0,0,0,0,0,0,0,0,0,0,0,0,0,0,0,0,0,0,0,0,0,0,0,0,1,1,0,0,1,0,0,0,0,0,2,
932	CCDS56218.1	chr21	-	45514975	45537959	45514975	45537959	5	45514975,45525816,45530769,45531388,45537770,	45515152,45525958,45530971,45532148,45537959,	0		cmpl	cmpl	0,2,1,0,0,
932	CCDS56217.1	chr21	-	45515657	45534606	45515657	45534606	5	45515657,45525816,45530769,45531388,45534537,	45516140,45525958,45530971,45532148,45534606,	0		cmpl	cmpl	0,2,1,0,0,
932	CCDS13725.1	chr21	-	45515657	45537959	45515657	45537959	5	45515657,45525816,45530769,45531388,45537770,	45516140,45525958,45530971,45532148,45537959,	0		cmpl	cmpl	0,2,1,0,0,
116	CCDS46652.1	chr21	+	45850085	45941706	45850085	45941706	13	45850085,45896207,45899598,45900590,45900996,45909354,45910901,45917587,45929919,45930785,45935252,45940029,45941669,	45850095,45896362,45899622,45900623,45901113,45909486,45911030,45917629,45929995,45930845,45935305,45940199,45941706,	0		cmpl	cmpl	0,1,0,0,0,0,0,0,0,1,1,0,2,
116	CCDS42974.2	chr21	+	45850085	45941706	45850085	45941706	14	45850085,45896207,45899598,45900590,45900996,45909354,45910901,45913950,45917587,45929916,45930785,45935252,45940029,45941669,	45850095,45896362,45899622,45900623,45901113,45909486,45911030,45914025,45917629,45929995,45930845,45935305,45940199,45941706,	0		cmpl	cmpl	0,1,0,0,0,0,0,0,0,0,1,1,0,2,
935	CCDS13727.1	chr21	+	45981850	46004013	45981850	46004013	35	45981850,45982633,45984268,45986525,45986943,45987154,45987498,45987609,45989083,45989607,45989751,45990257,45990377,45990772,45990978,45992009,45992163,45992362,45992747,45994166,45997420,45997699,45998120,45998397,45998896,45999152,45999656,46000330,46000758,46001252,46001960,46002217,46002526,46003119,46003390,	45981947,45982763,45984469,45986685,45987072,45987175,45987519,45987654,45989137,45989652,45989778,45990284,45990422,45990826,45991041,45992072,45992217,45992398,45992810,45994229,45997483,45997762,45998171,45998433,45998959,45999218,45999692,46000367,46000767,46001386,46002070,46002401,46002710,46003149,46004013,	0		cmpl	cmpl	0,1,2,2,0,0,0,0,0,0,0,0,0,0,0,0,0,0,0,0,0,0,0,0,0,0,0,0,1,1,0,2,0,1,1,
936	CCDS13730.1	chr21	+	46111476	46128928	46111476	46128928	27	46111476,46111978,46112803,46114007,46115871,46116008,46116376,46116650,46116769,46117399,46117873,46118613,46119029,46119787,46120514,46121060,46121555,46122107,46122495,46122874,46124650,46124884,46125265,46125464,46125784,46126502,46128902,	46111591,46112577,46112824,46114073,46115925,46116053,46116403,46116677,46116814,46117453,46117936,46118676,46119119,46119850,46120577,46121123,46121618,46122158,46122531,46122937,46124713,46124920,46125311,46125617,46126237,46126541,46128928,	0		cmpl	cmpl	0,1,0,0,0,0,0,0,0,0,0,0,0,0,0,0,0,0,0,0,0,0,0,1,1,1,1,
936	CCDS13729.1	chr21	+	46111476	46129491	46111476	46129491	27	46111476,46111978,46112803,46114007,46115871,46116008,46116376,46116650,46116769,46117399,46117873,46118613,46119029,46119787,46120514,46121060,46121555,46122107,46122495,46122874,46124650,46124884,46125265,46125464,46125784,46126502,46129195,	46111591,46112577,46112824,46114073,46115925,46116053,46116403,46116677,46116814,46117453,46117936,46118676,46119119,46119850,46120577,46121123,46121618,46122158,46122531,46122937,46124713,46124920,46125311,46125617,46126237,46126541,46129491,	0		cmpl	cmpl	0,1,0,0,0,0,0,0,0,0,0,0,0,0,0,0,0,0,0,0,0,0,0,1,1,1,1,
936	CCDS13728.1	chr21	+	46111476	46132552	46111476	46132552	27	46111476,46111978,46112803,46114007,46115871,46116008,46116376,46116650,46116769,46117399,46117873,46118613,46119029,46119787,46120514,46121060,46121555,46122107,46122495,46122874,46124650,46124884,46125265,46125464,46125784,46126502,46131953,	46111591,46112577,46112824,46114073,46115925,46116053,46116403,46116677,46116814,46117453,46117936,46118676,46119119,46119850,46120577,46121123,46121618,46122158,46122531,46122937,46124713,46124920,46125311,46125617,46126237,46126541,46132552,	0		cmpl	cmpl	0,1,0,0,0,0,0,0,0,0,0,0,0,0,0,0,0,0,0,0,0,0,0,1,1,1,1,
14	CCDS13731.1	chr21	-	46136986	46155523	46136986	46155523	14	46136986,46137238,46138507,46138879,46145416,46145817,46146265,46150118,46150387,46151557,46151891,46152906,46154148,46155469,	46137073,46137334,46138646,46138923,46145578,46145947,46146327,46150250,46150525,46151737,46151980,46153035,46154332,46155523,	0		cmpl	cmpl	0,0,2,0,0,2,0,0,0,0,1,1,0,0,
937	CCDS46653.1	chr21	-	46161378	46182816	46161378	46182816	4	46161378,46161915,46168307,46182623,	46161705,46162067,46168658,46182816,	0		cmpl	cmpl	0,1,1,0,
937	CCDS13732.1	chr21	-	46161378	46168389	46161378	46168389	3	46161378,46161915,46168307,	46161705,46162067,46168389,	0		cmpl	cmpl	0,1,0,
937	CCDS54489.1	chr21	-	46191103	46227630	46191103	46227630	20	46191103,46191880,46194490,46195675,46196201,46205835,46206671,46207427,46208250,46209553,46210687,46213024,46213737,46215179,46215684,46216388,46219475,46221853,46222629,46227551,	46191235,46191959,46194661,46195756,46196267,46205941,46206768,46207577,46208301,46209625,46210744,46213052,46213835,46215298,46215793,46216524,46219572,46221975,46222738,46227630,	0		cmpl	cmpl	0,2,2,2,2,1,0,0,0,0,0,2,0,1,0,2,1,2,1,0,
937	CCDS46654.1	chr21	-	46191103	46228745	46191103	46228745	22	46191103,46191880,46194490,46195675,46196201,46205835,46206671,46207427,46208250,46209553,46210687,46213024,46213737,46215179,46215684,46216388,46219475,46221853,46222662,46227551,46228433,46228731,	46191235,46191959,46194661,46195756,46196267,46205941,46206768,46207577,46208301,46209625,46210744,46213052,46213835,46215298,46215793,46216524,46219572,46221975,46222738,46227690,46228599,46228745,	0		cmpl	cmpl	0,2,2,2,2,1,0,0,0,0,0,2,0,1,0,2,1,2,1,0,2,0,
937	CCDS13733.1	chr21	-	46191103	46228745	46191103	46228745	22	46191103,46191880,46194490,46195675,46196201,46205835,46206671,46207427,46208250,46209553,46210687,46213024,46213737,46215179,46215684,46216388,46219475,46221853,46222629,46227551,46228433,46228731,	46191235,46191959,46194661,46195756,46196267,46205941,46206768,46207577,46208301,46209625,46210744,46213052,46213835,46215298,46215793,46216524,46219572,46221975,46222738,46227690,46228599,46228745,	0		cmpl	cmpl	0,2,2,2,2,1,0,0,0,0,0,2,0,1,0,2,1,2,1,0,2,0,
117	CCDS13734.1	chr21	-	46235267	46285286	46235267	46285286	28	46235267,46236828,46240810,46242801,46243464,46244806,46246306,46246627,46251528,46254391,46254775,46256788,46258938,46260792,46261279,46264116,46265320,46265924,46266981,46270400,46272560,46273387,46275185,46277526,46279992,46280496,46283614,46284067,	46235426,46236979,46241017,46242931,46243722,46245197,46246404,46246886,46251682,46254526,46254844,46256986,46259091,46260906,46261411,46264217,46265523,46266166,46267142,46270563,46272829,46273585,46275325,46277717,46280137,46280575,46283838,46285286,	0		cmpl	cmpl	0,2,2,1,1,0,1,0,2,2,2,2,2,2,2,0,1,2,0,2,0,0,1,2,1,0,1,0,
938	CCDS33591.1	chr21	+	46286913	46297634	46286913	46297634	4	46286913,46291333,46296161,46297538,	46287123,46291462,46296230,46297634,	0		cmpl	cmpl	0,0,0,0,
938	CCDS68229.1	chr21	-	46301998	46315006	46301998	46315006	4	46301998,46302484,46311455,46314715,	46302154,46302576,46311567,46315006,	0		cmpl	cmpl	0,1,0,0,
938	CCDS13735.1	chr21	-	46301998	46322738	46301998	46322738	8	46301998,46302484,46311455,46314715,46315473,46317207,46318011,46322638,	46302154,46302576,46311567,46314880,46315547,46317268,46318220,46322738,	0		cmpl	cmpl	0,1,0,0,1,0,1,0,
117	CCDS33592.1	chr21	+	46324228	46445327	46324228	46445327	47	46324228,46326376,46334396,46346127,46346742,46347456,46349011,46349683,46351428,46353103,46353986,46355451,46356973,46363479,46366583,46381693,46385831,46388741,46389198,46390669,46391163,46397264,46398013,46398234,46399589,46401550,46402330,46411188,46412836,46416068,46418203,46421969,46425830,46427621,46428394,46430009,46430506,46431528,46435903,46436978,46438163,46440082,46440854,46442496,46443809,46444693,46445283,	46324282,46326589,46334768,46346208,46346998,46347512,46349186,46349820,46351540,46353326,46354068,46355626,46357191,46363934,46367139,46381840,46385983,46388884,46389431,46390832,46391376,46397494,46398130,46398255,46399796,46401721,46402483,46412067,46412992,46416839,46418306,46422124,46425971,46427795,46428590,46430232,46430657,46432215,46436148,46437081,46438337,46440202,46441084,46442573,46443948,46444821,46445327,	0		cmpl	cmpl	0,0,0,0,0,1,0,1,0,1,2,0,1,0,2,0,0,2,1,0,1,1,0,0,0,0,0,0,0,0,0,1,0,0,0,1,2,0,0,2,0,0,0,2,1,2,1,
117	CCDS54491.1	chr21	+	46459131	46547046	46459131	46547046	20	46459131,46484756,46490599,46496987,46498581,46509256,46511416,46529091,46532126,46533523,46534003,46534584,46537223,46537445,46538482,46539876,46541755,46545136,46545880,46546914,	46459222,46484828,46490719,46497107,46498833,46509376,46511614,46529183,46532237,46533647,46534113,46534687,46537288,46537539,46538602,46539991,46541895,46545273,46545961,46547046,	0		cmpl	cmpl	0,1,1,1,1,1,1,1,0,0,1,0,1,0,1,1,2,1,0,0,
117	CCDS54490.1	chr21	+	46459131	46567622	46459131	46567622	38	46459131,46484756,46490599,46496987,46498581,46504360,46509256,46511428,46529091,46532126,46533523,46534003,46534584,46537223,46537445,46538482,46539876,46541755,46545136,46545880,46546914,46549770,46550542,46551633,46551823,46554168,46554574,46554821,46555981,46556938,46557584,46558222,46560721,46561747,46563857,46565712,46566559,46567369,	46459222,46484828,46490719,46497107,46498833,46504489,46509376,46511614,46529183,46532237,46533647,46534113,46534687,46537288,46537539,46538602,46539991,46541895,46545273,46545961,46547042,46549885,46550744,46551743,46551904,46554292,46554696,46554933,46556091,46557069,46557753,46558393,46560783,46561805,46563932,46565887,46566683,46567622,	0		cmpl	cmpl	0,1,1,1,1,1,1,1,1,0,0,1,0,1,0,1,1,2,1,0,0,2,0,1,0,0,1,0,1,0,2,0,0,2,0,0,1,2,
117	CCDS46657.1	chr21	+	46459131	46547046	46459131	46547046	21	46459131,46484756,46490599,46496987,46498581,46504360,46509256,46511416,46529091,46532126,46533523,46534003,46534584,46537223,46537445,46538482,46539876,46541755,46545136,46545880,46546914,	46459222,46484828,46490719,46497107,46498833,46504489,46509376,46511614,46529183,46532237,46533647,46534113,46534687,46537288,46537539,46538602,46539991,46541895,46545273,46545961,46547046,	0		cmpl	cmpl	0,1,1,1,1,1,1,1,1,0,0,1,0,1,0,1,1,2,1,0,0,
117	CCDS46656.1	chr21	+	46459131	46549918	46459131	46549918	22	46459131,46484756,46490599,46496987,46498581,46504360,46509256,46511416,46529091,46532126,46533523,46534003,46534584,46537223,46537445,46538482,46539876,46541755,46545136,46545880,46546914,46549770,	46459222,46484828,46490719,46497107,46498833,46504489,46509376,46511614,46529183,46532237,46533647,46534113,46534687,46537288,46537539,46538602,46539991,46541895,46545273,46545961,46547042,46549918,	0		cmpl	cmpl	0,1,1,1,1,1,1,1,1,0,0,1,0,1,0,1,1,2,1,0,0,2,
117	CCDS46655.1	chr21	+	46459131	46567622	46459131	46567622	38	46459131,46484756,46490599,46496987,46498581,46504360,46509256,46511416,46529091,46532126,46533523,46534003,46534584,46537223,46537445,46538482,46539876,46541755,46545136,46545880,46546914,46549770,46550542,46551633,46551823,46554168,46554574,46554821,46555981,46556938,46557584,46558222,46560721,46561747,46563857,46565712,46566559,46567369,	46459222,46484828,46490719,46497107,46498833,46504489,46509376,46511614,46529183,46532237,46533647,46534113,46534687,46537288,46537539,46538602,46539991,46541895,46545273,46545961,46547042,46549885,46550744,46551743,46551904,46554292,46554696,46554933,46556091,46557069,46557753,46558393,46560783,46561805,46563932,46565887,46566683,46567622,	0		cmpl	cmpl	0,1,1,1,1,1,1,1,1,0,0,1,0,1,0,1,1,2,1,0,0,2,0,1,0,0,1,0,1,0,2,0,0,2,0,0,1,2,
940	CCDS13736.1	chr21	-	46599362	46602415	46599362	46602415	2	46599362,46602277,	46599503,46602415,	0		cmpl	cmpl	0,0,
117	CCDS74806.1	chr21	+	46636951	46664327	46636951	46664327	6	46636951,46643534,46644305,46648457,46649574,46664294,	46636990,46643639,46644488,46648619,46649739,46664327,	0		cmpl	cmpl	0,0,0,0,0,0,
117	CCDS68231.1	chr21	+	46636951	46664374	46636951	46664374	7	46636951,46643534,46644305,46648457,46649574,46663382,46664294,	46636990,46643639,46644488,46648619,46649739,46663554,46664374,	0		cmpl	cmpl	0,0,0,0,0,0,1,
117	CCDS68230.1	chr21	+	46636951	46664334	46636951	46664334	7	46636951,46643534,46644305,46648457,46649574,46658744,46664294,	46636990,46643639,46644488,46648619,46649739,46658920,46664334,	0		cmpl	cmpl	0,0,0,0,0,0,2,
117	CCDS56220.1	chr21	+	46636951	46664327	46636951	46664327	8	46636951,46643534,46644305,46648457,46649574,46661799,46663382,46664294,	46636990,46643639,46644488,46648619,46649739,46661936,46663554,46664327,	0		cmpl	cmpl	0,0,0,0,0,0,2,0,
940	CCDS56219.1	chr21	+	46636951	46652006	46636951	46652006	6	46636951,46643534,46644305,46648457,46649574,46651805,	46636990,46643639,46644488,46648619,46649739,46652006,	0		cmpl	cmpl	0,0,0,0,0,0,
117	CCDS13737.1	chr21	+	46636951	46664327	46636951	46664327	10	46636951,46643534,46644305,46648457,46649574,46658744,46660832,46661799,46663382,46664294,	46636990,46643639,46644488,46648619,46649739,46658920,46660962,46661936,46663554,46664327,	0		cmpl	cmpl	0,0,0,0,0,0,2,0,2,0,
