"Standard deviation"	"Proportion of Variance"	"Cumulative Proportion"
"1"	183.720896376578	0.35079367870935	0.35079367870935
"2"	90.7906868476584	0.0856677283129254	0.436461407022275
"3"	71.0155592334263	0.0524133200294777	0.488874727051753
"4"	62.2926193076985	0.0403281066328611	0.529202833684614
"5"	54.8741502396583	0.0312946618636939	0.560497495548308
"6"	49.3791974319753	0.0253409388799213	0.585838434428229
"7"	41.9296961103295	0.0182716630212492	0.604110097449478
"8"	39.5158059142938	0.0162284235819597	0.620338521031438
"9"	38.6440490426217	0.0155202923135374	0.635858813344975
"10"	34.2037710194292	0.0121585736016375	0.648017386946613
"11"	33.2832338934575	0.0115129251549222	0.659530312101535
"12"	30.104034552823	0.00941855015960893	0.668948862261144
"13"	29.6333478329936	0.0091263282455955	0.678075190506739
"14"	28.8442940005284	0.00864678129691262	0.686721971803652
"15"	27.9500954043358	0.00811897560914035	0.694840947412792
"16"	26.7478478974709	0.00743553696888641	0.702276484381679
"17"	26.584135446331	0.00734479585771024	0.709621280239389
"18"	26.2011361100068	0.0071346864836324	0.716755966723021
"19"	25.4249372210841	0.0067182231625034	0.723474189885525
"20"	24.8138913872641	0.00639918110350185	0.729873370989027
"21"	24.5690654572764	0.00627352917734296	0.73614690016637
"22"	24.0770268151703	0.00602476844999416	0.742171668616364
"23"	23.8502867948582	0.00591182893574094	0.748083497552105
"24"	23.3960455740495	0.00568878557995229	0.753772283132057
"25"	22.9227482836136	0.00546094771226269	0.75923323084432
"26"	22.6116640013702	0.00531373258065753	0.764546963424977
"27"	22.5822157763468	0.00529990094958942	0.769846864374567
"28"	22.5348685436708	0.00527770006527259	0.775124564439839
"29"	22.2195065264996	0.00513101715112413	0.780255581590963
"30"	21.8617318818063	0.0049671099654125	0.785222691556376
"31"	21.6437499483545	0.00486855032037936	0.790091241876755
"32"	21.5253137961074	0.00481541398899291	0.794906655865748
"33"	21.2558565089314	0.00469560835510587	0.799602264220854
"34"	21.1820653796033	0.00466306270781327	0.804265326928667
"35"	20.9925438882085	0.00457999271355609	0.808845319642223
"36"	20.9027161127392	0.00454088069933251	0.813386200341556
"37"	20.6630969235663	0.00443736826514964	0.817823568606705
"38"	20.5680929731555	0.00439665816412779	0.822220226770833
"39"	20.5227910666456	0.00437731192231545	0.826597538693149
"40"	20.3409332886642	0.00430007864325393	0.830897617336403
"41"	20.1219059493214	0.0042079723449734	0.835105589681376
"42"	19.9766997967396	0.00414745930959324	0.839253048990969
"43"	19.9393878070335	0.00413198073289631	0.843385029723866
"44"	19.8369804464587	0.00408964657278308	0.847474676296649
"45"	19.7936039327788	0.00407178088388819	0.851546457180537
"46"	19.6802175745478	0.0040252646412549	0.855571721821792
"47"	19.5811038443617	0.00398482257081356	0.859556544392605
"48"	19.553191946238	0.00397347033139091	0.863530014723996
"49"	19.4711280875362	0.00394018737270053	0.867470202096697
"50"	19.3645718156682	0.00389717981297212	0.871367381909669
"51"	19.3222034693897	0.00388014494816565	0.875247526857835
"52"	19.2549017844359	0.0038531619489532	0.879100688806788
"53"	19.1072219277056	0.00379428320302013	0.882894972009808
"54"	19.0899001180325	0.00378740684386262	0.886682378853671
"55"	19.0364455160398	0.00376622591857364	0.890448604772244
"56"	18.9536247713519	0.00373352621048854	0.894182130982733
"57"	18.9076794847399	0.00371544734460258	0.897897578327335
"58"	18.7847243736695	0.00366728195587962	0.901564860283215
"59"	18.7755725547057	0.00366370946536087	0.905228569748576
"60"	18.6201005149209	0.00360328562861942	0.908831855377195
"61"	18.4344822285526	0.00353180352353799	0.912363658900733
"62"	18.3431310967033	0.00349688690948708	0.91586054581022
"63"	18.2074885967872	0.00344536105801436	0.919305906868235
"64"	17.9823637317985	0.00336068806259308	0.922666594930828
"65"	17.7467995693152	0.00327321653454013	0.925939811465368
"66"	17.6884984991155	0.00325174578209536	0.929191557247463
"67"	17.450528635215	0.00316484046610335	0.932356397713567
"68"	17.0530285641631	0.00302230080243364	0.935378698516
"69"	16.9245339128873	0.00297692629566075	0.938355624811661
"70"	16.8117970344864	0.00293739887267479	0.941293023684336
"71"	16.706902998182	0.00290085853035403	0.94419388221469
"72"	16.5705249572408	0.00285369255205303	0.947047574766743
"73"	16.3662199051585	0.00278375757622125	0.949831332342964
"74"	16.2323902281771	0.00273841709124737	0.952569749434211
"75"	16.1687023991954	0.00271697087168728	0.955286720305899
"76"	16.0159747537398	0.00266588492322215	0.957952605229121
"77"	15.8443955140075	0.00260907159846503	0.960561676827586
"78"	15.7497851976838	0.00257800596313846	0.963139682790724
"79"	15.6506479479699	0.00254565351477133	0.965685336305496
"80"	15.4312104119462	0.00247476880874828	0.968160105114244
"81"	15.3294802429836	0.0024422465653713	0.970602351679615
"82"	15.1742607787464	0.00239303876721477	0.97299539044683
"83"	15.0123007377137	0.00234222795094119	0.975337618397771
"84"	14.793116150134	0.0022743326276383	0.97761195102541
"85"	14.6321522396552	0.00222510786909632	0.979837058894506
"86"	14.3586671282591	0.00214270756287831	0.981979766457384
"87"	14.3085624028397	0.00212777965117397	0.984107546108558
"88"	13.9043275197515	0.002009253001211	0.986116799109769
"89"	13.7260598476419	0.00195806193037881	0.988074861040148
"90"	13.683670013589	0.00194598654168362	0.990020847581832
"91"	13.3144745946673	0.00184239486314741	0.991863242444979
"92"	13.2182854633771	0.0018158706151666	0.993679113060146
"93"	13.1246910878241	0.00179024647839132	0.995469359538537
"94"	12.6916303795577	0.00167405406039612	0.997143413598933
"95"	12.4964662495073	0.00162296475498937	0.998766378353922
"96"	10.8949104992004	0.00123362164607761	1
"97"	1.49782590915502e-12	2.33161759939316e-29	1
