"Standard deviation"	"Proportion of Variance"	"Cumulative Proportion"
"1"	177.982134080837	0.329220952525121	0.329220952525121
"2"	112.852089460073	0.132359115521759	0.46158006804688
"3"	106.107315677273	0.117010626067719	0.578590694114599
"4"	83.3141582639201	0.0721393573812629	0.650730051495862
"5"	78.1191835235078	0.0634234757262433	0.714153527222105
"6"	56.3863187616901	0.0330432024890328	0.747196729711138
"7"	50.1403888590747	0.0261282331629502	0.773324962874088
"8"	42.5288038603548	0.0187975385345294	0.792122501408617
"9"	37.0587375290358	0.0142730204452908	0.806395521853908
"10"	36.5503149275328	0.0138840731791909	0.820279595033099
"11"	31.1552589516626	0.0100878212465714	0.83036741627967
"12"	29.384599799463	0.0089737549924605	0.839341171272131
"13"	26.4646363542607	0.00727891267265864	0.84662008394479
"14"	24.5988327311474	0.00628874009285941	0.852908824037649
"15"	23.2850257714483	0.00563492439385763	0.858543748431507
"16"	21.7849438583835	0.00493227789350335	0.86347602632501
"17"	20.2988811567043	0.0042823173582829	0.867758343683293
"18"	19.994096897387	0.00415468624757927	0.871913029930872
"19"	19.6000880344376	0.00399255301348662	0.875905582944359
"20"	18.3200225078793	0.0034880817365328	0.879393664680892
"21"	18.0334510890076	0.00337981041550209	0.882773475096394
"22"	17.8935540625879	0.00332757510902867	0.886101050205422
"23"	17.7296289920459	0.0032668857222571	0.889367935927679
"24"	17.3191226991265	0.00311735617405301	0.892485292101733
"25"	16.9407163320003	0.00298262180254922	0.895467913904282
"26"	16.7487057863991	0.00291539332279506	0.898383307227077
"27"	16.4485537988689	0.00281183664595998	0.901195143873037
"28"	16.2312729328944	0.0027380401270224	0.903933184000059
"29"	15.9182177042711	0.00263344060362247	0.906566624603682
"30"	15.8066723586535	0.00259666276297864	0.90916328736666
"31"	15.6636479461555	0.00254988429620752	0.911713171662868
"32"	15.3379301210753	0.00244493972561812	0.914158111388486
"33"	15.0490924160752	0.0023537225373889	0.916511833925875
"34"	14.9155933184202	0.00231214845188619	0.918823982377761
"35"	14.7441051211889	0.00225928742282951	0.921083269800591
"36"	14.474679196692	0.00217747181300286	0.923260741613593
"37"	14.3939885533898	0.00215326238282171	0.925414003996415
"38"	14.2760473199824	0.00211812021494869	0.927532124211364
"39"	14.1442449208861	0.00207919002683436	0.929611314238198
"40"	13.8581395461226	0.00199592633215336	0.931607240570351
"41"	13.7162706517514	0.00195527001238917	0.933562510582741
"42"	13.6080383760037	0.00192453448807709	0.935487045070818
"43"	13.454356030891	0.00188131049891876	0.937368355569737
"44"	13.3072151211523	0.00184038634671184	0.939208741916448
"45"	13.1908502817407	0.00180834058569205	0.94101708250214
"46"	13.0175642362517	0.00176114091295916	0.9427782234151
"47"	12.7625752593611	0.00169282194191277	0.944471045357012
"48"	12.693623980999	0.0016745800225627	0.946145625379575
"49"	12.656223601603	0.00166472662496116	0.947810352004536
"50"	12.4645894498619	0.00161469538717107	0.949425047391707
"51"	12.2981803785388	0.00157186905656898	0.950996916448276
"52"	12.1936867470454	0.00154527121684745	0.952542187665124
"53"	12.1448111498597	0.00153290831288452	0.954075095978008
"54"	11.9687385382098	0.00148878302012075	0.955563878998129
"55"	11.7694109949311	0.00143960751577217	0.957003486513901
"56"	11.6898183612333	0.00142020217541696	0.958423688689318
"57"	11.6015959172591	0.00139884668288668	0.959822535372205
"58"	11.5137465704472	0.00137774225824648	0.961200277630451
"59"	11.3643381963965	0.00134221765373174	0.962542495284183
"60"	11.2964171765291	0.0013262215862209	0.963868716870404
"61"	11.150307766416	0.00129213638833703	0.965160853258741
"62"	11.123572875395	0.00128594755263164	0.966446800811373
"63"	11.037087516879	0.00126602890101059	0.967712829712383
"64"	10.9092060238837	0.00123686111069979	0.968949690823083
"65"	10.8623143370365	0.00122625101596945	0.970175941839052
"66"	10.8406714099915	0.00122136932674495	0.971397311165797
"67"	10.6706188440673	0.00118335176174763	0.972580662927545
"68"	10.5491014496101	0.00115655312195135	0.973737216049496
"69"	10.4959798665237	0.00114493445602228	0.974882150505519
"70"	10.4204421685744	0.00112851397826436	0.976010664483783
"71"	10.3040913890837	0.00110345353725404	0.977114118021037
"72"	10.2860991937342	0.00109960337376151	0.978213721394798
"73"	10.1945920226087	0.00108012582111235	0.979293847215911
"74"	10.1634098362116	0.0010735283672708	0.980367375583182
"75"	10.1516153937406	0.0010710381947872	0.981438413777969
"76"	10.0489923633907	0.00104949332279649	0.982487907100765
"77"	9.9662266934987	0.00103227680842029	0.983520183909186
"78"	9.91151036946069	0.00102097316362421	0.98454115707281
"79"	9.84629876348061	0.00100758261629302	0.985548739689103
"80"	9.72536943512905	0.000982984937120523	0.986531724626223
"81"	9.67587502850951	0.00097300517114247	0.987504729797366
"82"	9.63631582562725	0.000965065295065774	0.988469795092432
"83"	9.54067529273893	0.000946003793821177	0.989415798886253
"84"	9.48438601672365	0.000934874019062751	0.990350672905316
"85"	9.37739322680745	0.000913900475266775	0.991264573380582
"86"	9.27109801925505	0.000893299298302118	0.992157872678884
"87"	9.1732694424261	0.000874546583489331	0.993032419262374
"88"	9.08625612597609	0.000858034196495875	0.99389045345887
"89"	8.99561691567874	0.000841001077672425	0.994731454536542
"90"	8.89993154628511	0.000823204962882521	0.995554659499425
"91"	8.77292790502928	0.000799878029794605	0.996354537529219
"92"	8.62846547015447	0.000773751988875947	0.997128289518095
"93"	8.5231017301418	0.000754970516548969	0.997883260034644
"94"	8.40930067840353	0.000734944272498378	0.998618204307143
"95"	8.22603985433081	0.00070326056625478	0.999321464873397
"96"	8.08013922415426	0.000678535126602705	1
"97"	3.61543081026844e-12	1.35848471667403e-28	1
