"Standard deviation"	"Proportion of Variance"	"Cumulative Proportion"
"1"	132.090096542107	0.483867366909183	0.483867366909183
"2"	65.8369109328342	0.120205602421293	0.604072969330476
"3"	55.051047268196	0.0840459883244091	0.688118957654885
"4"	50.3264878811071	0.0702391205277384	0.758358078182623
"5"	42.2734111815727	0.0495587570879488	0.807916835270572
"6"	30.1405266324069	0.0251934411056576	0.83311027637623
"7"	28.3829338416612	0.0223408857655592	0.855451162141789
"8"	25.948397895113	0.0186726912276954	0.874123853369484
"9"	24.8492784087267	0.0171243218557951	0.89124817522528
"10"	20.3454088848083	0.0114793860883329	0.902727561313612
"11"	18.2382708938126	0.00922471892424147	0.911952280237854
"12"	17.1469027821707	0.00815374620125284	0.920106026439107
"13"	15.1023743411355	0.0063252293852972	0.926431255824404
"14"	13.1684268636728	0.00480898707932197	0.931240242903726
"15"	12.142054173028	0.00408855788228498	0.935328800786011
"16"	11.4586021907318	0.00364123830377381	0.938970039089785
"17"	10.8791353655267	0.00328227208556023	0.942252311175345
"18"	10.664800159471	0.00315421477647225	0.945406525951817
"19"	10.3288222584887	0.00295860799260499	0.948365133944422
"20"	9.47899355279214	0.00249178331735949	0.950856917261782
"21"	8.7085571966296	0.00210318867837092	0.952960105940153
"22"	8.56978798137604	0.00203669488701747	0.95499680082717
"23"	7.77265289234804	0.0016754225843188	0.956672223411489
"24"	7.28552112088999	0.00147199746213773	0.958144220873627
"25"	7.1906807676745	0.00143392301444992	0.959578143888076
"26"	6.90445043313036	0.00132203834090605	0.960900182228983
"27"	6.81321785081203	0.00128733142028967	0.962187513649272
"28"	6.50285582463222	0.00117271928969934	0.963360232938972
"29"	6.40525358019803	0.00113778046751354	0.964498013406485
"30"	6.26327172588174	0.00108789836790441	0.965585911774389
"31"	6.09593572092174	0.00103054408737117	0.966616455861761
"32"	5.98086933169693	0.000992006337010382	0.967608462198771
"33"	5.78973280720479	0.000929614441045091	0.968538076639816
"34"	5.73204841815429	0.000911182811202643	0.969449259451019
"35"	5.61545827149117	0.0008744927772054	0.970323752228224
"36"	5.54616452939017	0.000853043770981562	0.971176795999206
"37"	5.42903641589855	0.000817393778134361	0.97199418977734
"38"	5.39589764122859	0.00080744550905336	0.972801635286393
"39"	5.30623512308164	0.000780834148197946	0.973582469434591
"40"	5.2425582934869	0.00076220598484527	0.974344675419437
"41"	5.2137881852259	0.000753863272303051	0.97509853869174
"42"	5.13512524531027	0.000731287077402895	0.975829825769143
"43"	5.04443846602099	0.0007056859576363	0.976535511726779
"44"	5.02094881003549	0.000699129142126667	0.977234640868906
"45"	4.94880617224594	0.000679182843311703	0.977913823712217
"46"	4.90336703395706	0.000666767808454096	0.978580591520671
"47"	4.81012347440004	0.000641650101888811	0.97922224162256
"48"	4.78846487621676	0.000635884780408008	0.979858126402968
"49"	4.73948827791093	0.000622943595308971	0.980481069998277
"50"	4.66965470366497	0.000604721422661963	0.981085791420939
"51"	4.63028025467433	0.000594566415860629	0.9816803578368
"52"	4.59554755083356	0.000585679936105699	0.982266037772905
"53"	4.57390690859911	0.000580176936758301	0.982846214709664
"54"	4.54786891188874	0.000573590162484442	0.983419804872148
"55"	4.52342750492679	0.000567441489741467	0.98398724636189
"56"	4.48987445429537	0.000559054584211643	0.984546300946101
"57"	4.43156009735721	0.000544626920773826	0.985090927866875
"58"	4.42127668469327	0.000542102245425963	0.985633030112301
"59"	4.36904448709121	0.000529369300521437	0.986162399412823
"60"	4.32817198794236	0.000519511108087008	0.98668191052091
"61"	4.24292626056773	0.00049924852016701	0.987181159041077
"62"	4.23672641251572	0.000497790562453873	0.98767894960353
"63"	4.1914864755809	0.000487216465068132	0.988166166068599
"64"	4.15357457482368	0.000478442601131513	0.98864460866973
"65"	4.09318829105516	0.000464632157540636	0.989109240827271
"66"	4.0673401240271	0.0004587824540811	0.989568023281352
"67"	4.0309396865093	0.000450607502290737	0.990018630783642
"68"	3.99355525511448	0.000442288058242139	0.990460918841885
"69"	3.97158179912955	0.000437434307843237	0.990898353149728
"70"	3.95379456298961	0.000433524871156887	0.991331878020885
"71"	3.92609097257256	0.000427470879964389	0.991759348900849
"72"	3.90682061352436	0.000423284883577318	0.992182633784427
"73"	3.89130618006861	0.000419929732879716	0.992602563517306
"74"	3.8605569819228	0.000413319363759226	0.993015882881065
"75"	3.85387434524195	0.000411889687894344	0.99342777256896
"76"	3.8168711180328	0.000404018088341335	0.993831790657301
"77"	3.77856424332596	0.000395949172022902	0.994227739829324
"78"	3.74600544469001	0.000389155010638451	0.994616894839963
"79"	3.69876826240324	0.000379402390623544	0.994996297230586
"80"	3.67912957041449	0.000375384195578195	0.995371681426164
"81"	3.59429958406589	0.000358273233521452	0.995729954659686
"82"	3.53742981418911	0.000347025574416779	0.996076980234103
"83"	3.4840251865556	0.000336626568477092	0.99641360680258
"84"	3.4448520517878	0.0003290993068426	0.996742706109422
"85"	3.44070923528505	0.000328308226006444	0.997071014335429
"86"	3.360152593744	0.000313114960702494	0.997384129296131
"87"	3.29858775847872	0.000301746265570798	0.997685875561702
"88"	3.29680707200517	0.000301420568331516	0.997987296130033
"89"	3.19870966270927	0.00028374973372051	0.998271045863754
"90"	3.14148294531446	0.000273687669045728	0.9985447335328
"91"	3.12514284404029	0.00027084795686924	0.998815581489669
"92"	3.07341414196182	0.000261955781932728	0.999077537271602
"93"	3.02274405411017	0.000253389473566966	0.999330926745169
"94"	2.91613849954246	0.000235831661803119	0.999566758406972
"95"	2.82024251951122	0.000220576240351581	0.999787334647323
"96"	2.76920725833057	0.000212665352676735	1
"97"	2.46088274401205e-13	1.67945224804864e-30	1
